1.491159062277036007e+01,1.755382850907789005e-01,3.288234454949327201e+00,1.727015321605967912e+01,4.585351454483663325e+00,4.966366494403055137e-02
1.395014690795097856e+01,1.039691201904991980e+00,6.560336025847868235e+00,1.357300964671033761e+01,2.181760220281375062e+00,3.251436275951455457e+00
1.252229796919512061e+01,3.256747579801083425e+00,3.940989855983578316e+00,1.473829430685858100e+01,2.426271587496366955e+00,2.327558699525171360e+00
1.392311405430988458e+01,3.693794248052964857e+00,4.462548556996913440e+00,1.123790147698951891e+01,1.487857326002013592e+00,4.316262397282350172e+00
1.862840563445839948e+01,3.698846819258052587e+00,5.678994609293239293e+00,1.900518601189738632e+01,3.150367764440666019e+00,1.581257541628729335e+00
1.535112604754854893e+01,5.187169260573427643e+00,5.373177903954087675e+00,1.669653572046052759e+01,5.572164902446030688e+00,3.969355781741766176e+00
1.397937400332878788e+01,4.507416881944097398e+00,5.068334323795158802e+00,1.584316618298604240e+01,2.505335675756535263e+00,5.459896536311870996e+00
1.571774982402986254e+01,3.669099641784043353e+00,2.787164319266665746e+00,1.589787093250905059e+01,3.890121298944003936e+00,1.986205183180613343e+00
1.080629019995620510e+01,2.919203325039634755e+00,8.465516185835916474e+00,1.821067877555772796e+01,2.259646983464733250e+00,1.137215841623899104e+00
1.565194488514293525e+01,3.662493477589774393e+00,4.911552070977196038e+00,1.648668977570254057e+01,5.314390692633857327e+00,5.073586623650764516e+00
1.662062665958680441e+01,4.450298665751362570e+00,3.939272456004248024e+00,1.659426199775978716e+01,2.453212335899488394e+00,2.849083358772351193e+00
1.166336780054873934e+01,6.326637352137805870e+00,7.013902584999443413e+00,1.508922116910602185e+01,5.319927524925644136e+00,2.953677133402599519e+00
1.474230121232173474e+01,4.304992829608774052e+00,4.971040257529797390e-01,1.443452356640446155e+01,5.630773953674024668e+00,3.914952233711346263e+00
1.550991984125046130e+01,1.874229787340265796e+00,-1.780518285771777398e+00,1.497102930780764929e+01,1.507329451428713440e+00,-1.521805392692938907e+00
1.591241506618858814e+01,7.060541963871376225e+00,6.702624394725511969e+00,1.587745448861146791e+01,9.040545946456052917e+00,2.683325930204719434e+00
1.489353193006859222e+01,4.351847904354059215e-01,3.797513009101582959e+00,1.558346000133363241e+01,2.441277263698870215e+00,3.760620118508341658e+00
1.591829853730195410e+01,3.692681926062780118e+00,4.647210193094178265e+00,1.622343419508529294e+01,4.454689380766551743e+00,5.855127935717847620e+00
1.252822016152696172e+01,1.137121354314573063e+00,7.265561951243111771e+00,1.084822795573798082e+01,3.121106593397904305e+00,1.017837215926270300e+00
1.540971493507807644e+01,2.671382330965994090e+00,5.854769664711124477e+00,1.202595078156491581e+01,5.884764840614474579e+00,2.584334699524413637e+00
1.450931209388812704e+01,-3.212577363785711348e+00,6.557207607631736046e+00,1.382860804066013927e+01,5.996261762201458900e+00,3.691821984755904840e+00
1.283160512719447155e+01,1.787000517726394788e+00,1.270047490317879557e+00,1.421822231145875115e+01,7.095202184591252070e+00,5.410993636995945266e+00
1.179746223801732796e+01,5.486874361576509429e+00,3.436641941080671447e+00,1.241175715912016031e+01,5.214014545983822302e+00,3.705867781587500964e+00
1.493332109234498262e+01,3.138399405178477597e+00,3.385941508039578718e+00,1.208342533013916764e+01,4.477531264346065853e+00,2.689796990340689753e+00
1.520319582442004069e+01,3.176559172801659336e+00,4.062673069394076464e+00,1.478058672526575101e+01,6.438392813051605934e+00,1.489040866667600937e+00
1.392843458003829937e+01,2.873769763671353950e+00,2.931938118433713658e+00,1.360818157199820710e+01,2.490331481427351168e+00,2.781568947652419244e+00
1.369299345367813636e+01,1.952369123537107898e+00,-1.466261943291873093e+00,1.214526181219229883e+01,2.728795864114343939e+00,8.515872736351908223e-01
1.800987620958790458e+01,6.655236241477108017e+00,8.526374106616181336e+00,1.659670705096683818e+01,1.779785591015962343e+00,3.132850666572385201e+00
1.331264306103489226e+01,4.020771209193037876e+00,4.733719947261959549e-01,1.068153780465262237e+01,1.245717591861709161e+00,1.521526509065880273e+00
2.097909769194993501e+01,6.914393426812003307e-01,4.409061857758070913e-01,1.528884696287940770e+01,1.400845489964430923e+00,1.093207440002824438e+00
1.392888453028920637e+01,3.717163947238941279e+00,4.435981782559275111e+00,1.544164535988303655e+01,4.638073665378430910e+00,3.773195737791581017e+00
1.763466839330969194e+01,1.018863268882655104e+00,4.416046870836470184e+00,1.448088601541487641e+01,4.420627788898272570e+00,4.004243314049563018e+00
2.038625371239597683e+01,2.426206770083325193e+00,3.808526680238889295e+00,1.336647646929599453e+01,6.043050134917187233e-01,2.735159396275574917e+00
1.679708064155945024e+01,3.752229970050841246e+00,2.217159954330384153e+00,1.612304034122686147e+01,2.290317635696998422e-01,3.653453168628407965e+00
1.572754620609709697e+01,4.784173405007084767e+00,4.328187892984106000e+00,1.663369292058023774e+01,3.984823755498900333e+00,4.810048732318756848e+00
2.043125573446911147e+01,2.634736597181983608e+00,3.376695193138810502e+00,1.651605230170067173e+01,2.844869474580781210e-01,4.830087759546048964e+00
1.365892105773501086e+01,2.370271830754360209e+00,3.346428040048386787e+00,1.387652381824207026e+01,2.531393826323459439e+00,3.855905328377096541e+00
1.853492350941027667e+01,-3.511842871753079742e-01,1.989406359758150389e+00,1.757126702495454040e+01,-1.759119802998094340e+00,7.838260522849597178e-01
1.362272428116122391e+01,3.872328925503757624e+00,3.262818165342885601e-01,1.695237207517886802e+01,1.594332728360373430e+00,1.996056345944031474e+00
1.457910876209446904e+01,4.842597386788495051e+00,1.580444275791919928e+00,1.632364711282930614e+01,2.363688113454683215e+00,5.874119061556414501e+00
1.347230111152881271e+01,3.066663996583965934e-01,4.100906143659691416e+00,1.360707805497042955e+01,-2.735130034511570885e-02,2.253182215615767703e+00
1.659507338755199157e+01,7.620978011724925061e+00,8.768839668541140497e+00,1.376732586815766091e+01,3.511450626472278014e+00,6.210309585024043066e+00
1.937727682162472576e+01,5.522206777901903507e+00,8.269513456683849739e+00,1.447194433211823217e+01,-1.678351975184354083e+00,4.909170235947463823e+00
1.581532563518499757e+01,3.764845524688012812e+00,4.297270774118548964e+00,1.459676581792326289e+01,1.241015128295223535e+00,4.814452006969140108e+00
1.549975799168191770e+01,3.292279559592369509e+00,3.700320853290651524e+00,1.437753498395859175e+01,4.234038304967796762e+00,7.489045827759321483e+00
1.897160977715579122e+01,8.545359448808829583e+00,2.902947043300449614e+00,9.885868623521487208e+00,-8.319109253558406580e-01,3.783150010409985331e+00
1.819422040946021468e+01,5.590507344011139246e+00,6.025227527797872185e+00,1.181824862819667032e+01,1.954378718611551546e+00,5.802876904404798530e+00
1.484598958848166461e+01,4.957266620856211503e+00,1.721736277277632343e+00,1.689302203427273952e+01,1.424426239230127011e+00,5.968347772906851034e+00
1.652407335059779214e+01,3.998014688344447176e+00,7.819211200718924282e+00,1.428745217987098926e+01,3.622816663577433705e+00,5.761154467104808496e+00
1.780793851344825285e+01,4.578866349349277165e+00,2.038775126299970264e+00,1.734798318340977019e+01,2.920191757468883598e+00,4.827281809778177113e+00
1.547206715474747973e+01,9.218479490425445233e-01,5.252751809754793832e+00,1.420462536506013684e+01,5.730104239747474182e+00,7.025450757594509987e+00
1.692824407894050864e+01,3.803908474597635259e+00,4.053296862283031210e+00,1.392291433567995185e+01,5.463890635162400145e+00,3.024047348094453191e+00
1.682742308570413314e+01,2.515379881299368847e+00,-2.580622290564463794e-01,1.793403080914475822e+01,3.998428551939139375e+00,7.906621116654588555e+00
1.757045121658628517e+01,1.522538798415726147e+00,1.649364358381665507e+00,1.588995591827815446e+01,2.737183608452678829e+00,4.117432519306514216e+00
1.676869772239697909e+01,4.507169223669172275e+00,3.526213518846195161e+00,1.744459659839609955e+01,3.461747018884929084e+00,2.358964618756648868e+00
1.473221362752683383e+01,6.361828816755711991e+00,2.067025254682443691e+00,1.456695813862511280e+01,5.848573991583882581e+00,1.282889332861717913e+00
1.602568311030111303e+01,7.119747091452823362e+00,4.949983375335119895e+00,1.785850779415464729e+01,7.948185899671643462e+00,6.134214993590624054e+00
1.634042914899107046e+01,5.661893475543699594e+00,3.398084598177935511e+00,1.505871665729722686e+01,6.249566012632380207e+00,5.351387191631040707e+00
1.481343895556598156e+01,2.071371088559349705e+00,3.529544670664370276e+00,1.746927726778973167e+01,4.133616136855144951e+00,-4.451139586005050525e-02
1.538270074074225846e+01,7.344309179205996685e+00,4.577827515271795988e+00,1.404749896617713389e+01,6.814085594466054552e+00,2.856039854151781299e+00
1.399284770143613521e+01,3.078015996043452329e+00,2.736015090887553569e+00,1.633955704394837127e+01,5.286338916422990586e+00,6.012743995429628008e+00
1.494175017026854313e+01,5.211572882351588554e+00,4.065283362280252888e+00,1.454570912215115541e+01,5.526428475857086298e+00,4.500265006213728824e+00
1.733848988180237427e+01,6.242451881972915118e+00,5.336896119746531220e+00,1.591766896733784442e+01,9.875039439915081374e+00,1.851133814685260948e+00
1.591371042087052246e+01,4.291471215583463561e+00,3.298613183025792317e+00,1.949585052174081667e+01,5.413433070109531009e+00,3.886399154285840041e+00
1.598245037166222637e+01,5.591260509135674184e+00,2.620203279215561398e+00,1.716894885277399396e+01,5.054059523124609932e+00,3.118930354070788002e+00
1.711596576454232732e+01,5.943383238727375506e+00,2.645665112527693097e+00,1.579415119011213164e+01,5.245677606769147516e+00,-1.282051932626259994e-01
1.495835523115835919e+01,5.259041297308625573e+00,2.233612267748943392e+00,1.475803532987420219e+01,4.509037789093659931e+00,2.888501345509075779e-01
1.582027197570875821e+01,5.875728113594852253e+00,8.368097727120987761e-01,1.748931424152014102e+01,6.545877506323517281e+00,3.976364974348393755e+00
1.724652507287350289e+01,-3.115982910503157718e-02,-6.005025785059245891e-01,1.647759571426751535e+01,7.134720990608290903e-01,2.237232731964112764e-01
1.427098464008633094e+01,-1.839550184379181441e-01,4.210544672277809042e+00,1.430937183393392154e+01,1.064396011297418898e+00,1.546761664500658995e+00
1.494116062551421464e+01,2.871465933815334548e+00,2.604900836465442460e+00,1.633774812004226007e+01,3.700538809685167685e+00,3.925379080376447227e+00
1.742610291664751188e+01,3.912491917584736356e+00,2.415708044740192406e+00,1.717086134393727903e+01,6.613795172013955614e+00,2.869605707140253648e-01
1.356054947001912225e+01,3.108675921923611973e+00,4.090316550525007422e+00,1.537913829735079574e+01,6.784560389758604870e+00,7.242548386288076567e-02
1.639468537136423620e+01,6.494239405714000490e+00,2.156765578337095146e+00,1.869560864073315543e+01,6.369831318276911958e+00,2.311848326869334169e+00
1.995821969901640003e+01,1.192579796853189267e+00,3.730145531310751661e+00,1.964183526679656566e+01,2.552223287555057230e+00,4.972471292373705332e+00
1.582142256652283407e+01,3.207694429191413565e+00,3.937073748638267645e+00,2.028759553485573974e+01,1.250744720736804538e+00,1.437161234243487407e+00
1.346169716664308424e+01,2.016994857205590463e+00,3.854737337365976124e+00,1.829790259794798502e+01,3.719519879314323152e+00,1.112115026784853189e+00
1.530324983309626496e+01,3.764303914694788755e+00,3.333743393313707060e+00,1.550140559467216406e+01,5.334978557042474812e+00,-2.620565720100558771e+00
1.049022918570860519e+01,6.871796300972501825e+00,2.780659967251186693e+00,1.567668748144865631e+01,5.862853223616287579e+00,2.439466336033376148e+00
1.544959518137166654e+01,3.527099215460571369e+00,2.735095068165489085e+00,1.724277780443983232e+01,2.194537226924494711e+00,1.831212345188019119e+00
1.754163677750035788e+01,6.097242503475331921e-01,1.951915241601538842e+00,1.696367229004575705e+01,2.289823479018451735e+00,1.786519413181623994e+00
1.320238933252315405e+01,2.091067078139457358e+00,1.986337406155831209e+00,1.587726240011055978e+01,-9.111111301482424651e-02,1.428696694301975878e+00
1.428683903747167605e+01,2.640185638100752907e+00,4.792474436819267325e+00,1.610545212205991561e+01,3.690537479596839976e+00,4.620522892311417218e-01
9.543554725901458369e+00,6.823801592201697908e+00,4.663536934708548465e+00,1.551937281348341990e+01,4.877961130347008734e+00,4.153437009422208170e+00
1.244645015553056844e+01,1.312387114388785969e+00,3.863284315730301177e+00,1.641560717168366068e+01,3.067089195502698651e+00,-2.134456768062432452e+00
1.309672079159478386e+01,3.392140230221379671e+00,-1.861697976705480040e-02,1.585982914248899078e+01,4.446987537947487468e+00,3.524853106122102009e+00
9.819477824808409139e+00,1.145134957777420720e-01,3.270255151674183125e+00,1.308614809607926688e+01,4.080755427035694716e+00,1.873661280896722348e+00
1.294340053835615478e+01,1.965599905529973990e+00,4.682093283586567511e-01,1.800274387362933837e+01,2.468691279101841385e+00,1.969795111939603438e-01
1.087730593704688431e+01,2.888109842653983517e+00,4.376539024405412981e+00,1.794266874048907212e+01,7.947873614944516163e+00,1.170590477083484959e+00
1.939293704656370920e+01,4.534668517870850124e+00,2.475601157113454409e+00,1.638155455575552821e+01,5.596583006180579467e+00,1.700172449450327583e-01
1.149296150721274934e+01,1.015923603833216005e+00,2.606399592084869710e+00,1.823970499746562268e+01,2.328684990575036640e+00,4.504115220868644798e+00
1.187980083884659166e+01,3.362550839279752068e+00,6.080425316274194358e+00,1.684454537906356109e+01,2.366255268812070156e+00,1.126403445251607405e+00
9.426993423995016386e+00,-5.653668511130972851e-02,1.153672658666498041e+00,1.790470036186601988e+01,6.274401925493743093e+00,1.192629418462270108e+00
1.123331350405355344e+01,9.529963372155416668e-01,2.350093555097251485e+00,1.611887244943260455e+01,3.807980461330559674e+00,1.572613088145312421e+00
1.528627540800763640e+01,7.912170610104252155e-01,7.169701025753364432e-01,1.536766889748626852e+01,-1.165903221188269584e-01,2.231776323195666212e+00
1.758857549307657564e+01,-7.263919232436338858e-01,4.472655951171933819e-01,1.828551212952589466e+01,4.690772698584888545e+00,2.586639224172073703e+00
1.113119162000353057e+01,-2.225400057834235223e+00,2.946716999094325828e+00,1.755989036393878777e+01,-1.680050198398570283e+00,5.005116835816104670e-01
1.246723695354351769e+01,3.209410960580516559e+00,-1.033446781792154212e+00,1.487319270432016438e+01,6.068963015678505712e-01,-2.008835299538884733e+00
1.165939846824006665e+01,1.801580149684714138e+00,-1.675458398909545288e+00,1.429154542799788175e+01,-4.155286004313779813e+00,-2.137302185959064349e-01
8.267534368442104764e+00,8.995936895356521079e-01,1.677012109244462978e+00,1.941615388279203813e+01,-1.193502500987287523e-01,1.308968521843407729e+00
1.550789436259726095e+01,7.643147278467528061e-01,9.368983649674611502e-01,1.853704016877447458e+01,-8.856395033831607755e-01,2.409959590774549465e+00
1.336640303716274758e+01,-5.954026886462231438e-01,1.058456690496334174e+00,1.604230269262746589e+01,2.687539724205940228e+00,2.406060946868172401e+00
1.296253430231099912e+01,1.769930439708895964e+00,3.388555848702455631e+00,1.872766162500116138e+01,1.425154666068296549e+00,1.346885358203806282e+00
1.230324241702071220e+01,2.729615323116664438e+00,2.140442328358629798e+00,1.507917147715530604e+01,2.003515921823860069e+00,3.749025950485464498e-01
1.210409474276298170e+01,3.106062296370303510e+00,9.016820008514323526e-01,1.843304147429175543e+01,-7.439606815812404017e-01,1.687848170457070918e+00
1.700245124763364757e+01,1.737341712536401239e+00,5.199718652395868279e-01,1.313622204050285092e+01,-3.371715409159341537e+00,-1.465399405394176791e+00
1.731068565045341856e+01,6.384616285751294473e-01,-7.211440947529655920e-01,1.874199312793625438e+01,2.199786951595304796e+00,3.569589921366955187e-01
1.172691856675793076e+01,8.549381649650392712e-01,3.302830902904761445e-01,1.431816492426130161e+01,-7.070012601499801042e-01,9.769914829819107416e-01
1.662226440210914902e+01,-2.730039685516987724e+00,-2.301726820337460122e+00,1.776745852407249515e+01,-1.946540206440261045e+00,-8.572568762937596842e-01
1.564761966684637606e+01,7.834744207314994213e-01,-1.197866582988246220e+00,1.947771928761429905e+01,6.650136150890875175e-01,8.743928994874008431e-01
1.389812852636241658e+01,-3.799697472821372823e+00,6.755396452294606391e-01,1.664079399825029526e+01,5.501562460965104817e-01,1.296057340933288726e+00
1.774591627158225293e+01,2.687050715280545621e+00,8.388444970517875410e-01,1.919423524733601738e+01,4.163770257025241506e+00,5.499247421674943181e-01
1.787695496672555251e+01,2.608496707016877192e+00,3.304917320954947613e+00,1.744617838056513648e+01,9.252927345672901094e-01,2.785276547470856734e+00
1.460365834832006016e+01,1.134723382315047990e+00,3.201998184333258113e+00,1.546196720838461580e+01,1.691927817006469104e+00,1.659988798159990064e-01
1.396147270633021087e+01,-1.263956981169059635e+00,1.260402420827724246e+00,1.565363818955653841e+01,-1.202664455000548527e+00,-1.799546328887083213e+00
1.755835328453212796e+01,8.435556092676785855e-01,-4.663022630315145911e-02,1.685377372560666842e+01,1.799103254116413586e+00,-1.118296763760545431e+00
1.629895716122950233e+01,1.801369764675822216e+00,-2.746924945694688147e-01,1.892232011018630899e+01,1.458578791005110953e-01,2.893107417871394027e+00
1.489595376702928142e+01,1.546306929059658719e+00,2.575858397372122965e+00,1.285402562127469039e+01,3.881306285767121889e+00,4.338409985203868224e-01
1.863782593536408783e+01,1.141533878505938793e+00,2.299895263399652112e+00,1.511029698807934984e+01,4.609026230335850904e+00,8.841299270429844315e-01
1.633472180680409380e+01,3.575696095076329240e+00,3.887167209214727137e+00,1.841925389569498961e+01,9.448816216246193056e-01,9.280752319712285425e-01
1.786040975288174337e+01,4.740785157398345051e-01,4.892196386968512001e-01,1.852344889385924631e+01,-6.352483230161877215e-01,-1.280269449942251114e+00
2.002410632891638187e+01,-2.891389009435976765e-01,-2.554481335833858946e+00,1.893218108629131535e+01,8.529280094722788697e-01,-1.137757093279075926e+00
1.622165662060303504e+01,-1.864547041820536100e+00,4.663775426977198713e+00,1.920436059955178365e+01,-3.043315331488129494e-01,2.560575876677788187e+00
1.571855310837059783e+01,1.458038192030465918e+00,-6.934657139504504242e-01,1.692575127503389254e+01,6.052347856853305119e-01,-1.328262153511255983e+00
1.537327183091417027e+01,6.269408574606715190e-01,4.926784051383178209e+00,1.768954599661371674e+01,-4.324414145579049240e+00,2.941380585426985661e+00
1.973936737415420239e+01,1.892594569174834707e+00,-1.199621077899271082e-02,1.835099132238905284e+01,-4.295628295280311260e-02,3.456722899607235000e+00
1.677580383357042138e+01,-8.593771473023916752e-01,-2.513005633144905215e-01,1.721021240580469325e+01,1.035797501309382085e+00,-1.484548219502066502e-01
1.611992475201658692e+01,-3.389800212433594778e-02,2.905493651762928842e+00,1.714383189143089936e+01,8.862626734015673913e-01,1.800872481951006021e+00
1.747104554307275492e+01,6.568585408826649319e-02,1.172175548295215863e+00,1.753134106118478996e+01,-1.067815720069558605e+00,-4.785997339785200699e-01
1.690299509338047912e+01,-1.287663568537691816e+00,2.304375452125700274e+00,1.828949626652952531e+01,-2.755486817113633968e+00,3.130264565900733320e+00
1.602996917250269959e+01,4.363970407701570076e-01,2.487371776385068067e-01,1.821418251851735448e+01,-3.830923976064697922e-01,1.706221426687642984e+00
1.368666400888831980e+01,-3.060613398040059052e-01,4.344540134669728992e+00,1.702583709659873534e+01,6.379870013748803470e-02,1.499506106363005520e+00
1.379141667517518499e+01,1.362387090986936222e+00,1.405216728081500444e+00,1.651354940065670363e+01,7.379844831226903823e-01,1.789804090140588055e+00
1.881301650305410078e+01,8.583212655844548733e-01,-2.822284506053471947e-02,2.006035086349511687e+01,1.745318957905272361e+00,1.407092896837530693e+00
1.685454736436998857e+01,2.877073911758643909e+00,2.660252232420063923e+00,1.809284970300581818e+01,2.413358515432740159e+00,2.149837577204714023e+00
1.435231941574337355e+01,4.535690932256616570e+00,1.953481407328632402e+00,1.463372260394784519e+01,4.087144629635426796e+00,3.638355007901227456e+00
1.441777219354800366e+01,3.105060483186821152e+00,1.239176547674336160e+00,1.950942429219269414e+01,1.569632225913784263e+00,1.350100769921174448e+00
1.673019725547693781e+01,-3.634279439447442306e-02,3.368995692150331678e+00,1.369213616146505608e+01,3.386661841293670427e+00,1.295211186686116234e+00
1.632847396935149931e+01,1.721930476980431779e+00,-1.251094004433618845e-01,1.863815376265291235e+01,1.601469624269408421e+00,-7.384930137499932101e-01
1.533541498327215713e+01,1.272921702374363750e+00,3.229347435056466598e+00,1.462176447799427059e+01,1.687113851187784119e+00,2.659116103910917239e+00
1.338161572201148886e+01,1.909175293028804621e+00,4.413204400456070431e+00,1.442808654822336401e+01,4.086362773707009843e+00,1.357627849403574283e-01
1.610516382223845966e+01,4.471951039758143009e-01,2.965711060800090948e+00,1.640310231723614720e+01,1.163878274304043892e+00,1.797181619203050973e+00
1.616313179558580515e+01,3.767323302890636771e+00,1.364369557649176556e+00,1.647995690560417259e+01,3.613300243268455336e+00,7.866240030553722784e-01
1.602380919429111827e+01,1.492773853653278859e+00,1.569403017309937809e+00,1.789711216675278393e+01,1.218301957006892922e+00,2.873822974227972171e+00
1.712454414682228077e+01,3.199815552704721178e+00,1.305074895367799082e+00,1.707256793297439401e+01,1.710508530237521363e+00,1.076808359122140679e+00
1.502331613318943937e+01,-7.611841392244478310e-01,3.050213040712190793e+00,1.629740454132542737e+01,1.936147944926584374e+00,2.307462367440404005e+00
1.563913350536441271e+01,2.208135058544785645e-01,2.052137279375885193e+00,1.974773532250799235e+01,6.284366477070900681e-01,3.457493832830873082e+00
1.899675829157148499e+01,-1.254182537836656008e+00,1.993253603542272323e+00,1.735920061398278236e+01,-1.157205610270018781e+00,2.891892719098494435e+00
1.507967657561875541e+01,4.507679349747623632e-01,7.057364203686327109e-01,1.602859478603959786e+01,8.368177548469855065e-01,3.941997198099941979e+00
2.206727292382431571e+01,1.102063888006659553e+00,9.209539719165288352e-01,2.139184537512453588e+01,-1.011397217144371696e+00,-5.047615354796241682e+00
1.809751965203565049e+01,2.099894519261438219e+00,2.256177254163661272e-01,1.813275565334555850e+01,2.103912107558326916e+00,-3.614338522397721576e+00
1.762700812015364704e+01,9.959507059714470811e-01,-1.889189307964451447e-01,1.724845115968678400e+01,-1.045687728315387366e+00,-2.765013685312328606e-01
1.924290840710529693e+01,-2.451236392908191064e+00,3.394257651396097142e+00,1.889334871861714760e+01,3.833666793400049233e+00,1.983911313023561940e+00
1.786664142184279669e+01,-1.438356700457427747e-03,1.114800191656444950e+00,1.898486889644295061e+01,4.622003315622752462e-01,2.334855348574473854e+00
2.192860784974092425e+01,1.726804895427530351e+00,9.237487774914414640e-01,2.071956956973805930e+01,1.847714085097557080e+00,2.155210777959505997e+00
1.726501117684917830e+01,3.190650816421878755e+00,-1.755999044645600637e+00,1.955227310937407381e+01,3.868005994906339673e+00,-5.287952405596961780e-01
1.841854886609621289e+01,3.802177063532931278e+00,2.973411389266998883e-01,1.887310385464030560e+01,2.479198905289389909e+00,2.142478936394003775e+00
1.675412777854367619e+01,2.969303945871863415e-01,-7.430452019301546640e-01,1.832620210145684325e+01,1.247024222491909917e+00,6.449246602688393226e-01
1.675919681305064302e+01,3.959423080815862583e+00,2.700590573651890036e+00,1.947289684004609001e+01,3.287613203718843469e+00,6.514288494773007310e-01
1.781055886620587358e+01,-1.520916179327837181e+00,2.180535962969077257e+00,1.715564903858446399e+01,-1.509731271646114648e+00,2.250990933025391882e+00
1.745960533120434732e+01,-1.248738614577785011e+00,1.746021712535690051e+00,1.642138942347254371e+01,1.201509614986349339e+00,1.040006973908288446e+00
1.953880768707220739e+01,1.555449064674960358e+00,-3.220847380933933746e+00,1.910820238748363309e+01,1.630748388812516270e+00,7.704184830325927491e-01
1.874269003179984239e+01,2.255621247285612530e+00,-1.189035827767272124e+00,1.801768384364686781e+01,1.933553464589433890e+00,3.998915062462283787e-01
1.531357534235506179e+01,2.544719757920226311e+00,1.072349647816110974e+00,1.654731372379906773e+01,4.619637210457430698e-01,1.482164760499479206e+00
1.781332670460073686e+01,1.960090641279316648e+00,-7.418792888844575328e-01,1.835952459943093729e+01,2.214352790023377704e+00,7.728579388929599503e-01
1.697140116291457801e+01,2.753766010792269903e+00,2.215944356753963174e+00,1.587203984507054066e+01,2.844243394455959084e+00,1.631413289953141055e+00
1.713473326337700087e+01,3.102145608520269882e+00,-1.957294644843738940e+00,1.257301576025050771e+01,3.306350484956351865e-01,-2.778466615459028628e-03
1.465101401052438668e+01,3.823997236763523766e+00,-1.018026730700081872e+00,1.572602983212121330e+01,2.691886764930903286e+00,-9.751984857348582336e-01
2.006237157913760072e+01,2.123115906940805875e+00,1.092494505818395467e+00,1.522524717466929545e+01,2.395665635823045925e+00,-6.824297947403631381e-01
1.819815085870390803e+01,2.925431781693859090e+00,1.437953852075161576e+00,1.964432002298225299e+01,5.616871367682180427e+00,-8.700165439743702267e-01
1.781930238852570270e+01,-1.031375402610210212e+00,8.854583617622867608e-01,1.678719331259165415e+01,1.321830458717440315e+00,-7.550345802324837097e-02
1.869244359731697003e+01,4.670693400926806405e+00,8.469316179288028934e-01,1.895709432015662088e+01,5.195053465184016339e-01,3.220831054789515591e+00
1.871872787283146522e+01,1.010122397289967555e-01,-2.992427954692541192e+00,1.779572182175509809e+01,2.668120453914067713e+00,-2.677026778455411371e+00
2.213874139270647490e+01,1.034066917565830135e+00,-2.732256166529213548e+00,2.074639244782420278e+01,2.659563886566116420e+00,-1.413323781183469796e+00
1.960739666072589671e+01,3.811333959724882980e+00,-1.186292500446854081e+00,1.879612932757538246e+01,-1.063873136034240545e-02,-2.188312761189377564e+00
1.863317492754291749e+01,1.234742337641933085e-01,-1.244076258987896200e+00,1.651447048529900030e+01,-6.247671872434020779e-01,-3.584463600649752557e+00
1.761472264983526514e+01,1.748623436803010911e+00,-1.981448810600188182e+00,1.981926847567774885e+01,1.028475806993756958e+00,1.860276118860389793e+00
1.503523476387952584e+01,-2.336318248319001700e+00,-3.006221247424064380e+00,1.675475846795106349e+01,3.328382757020720728e+00,-5.395948108839923041e-01
1.504223382339741910e+01,2.556629027140575161e+00,-2.855066782674720915e+00,1.707385469415932988e+01,2.297106226172322074e+00,-3.157176533813319086e+00
2.094539151588838521e+01,3.992627710966569321e+00,2.355975960337321595e+00,1.795564721823043541e+01,3.550075896491944327e+00,-7.482975736463957084e-01
1.603256904907975056e+01,2.407309583103783623e+00,-1.459305736961307720e-01,1.859070564426749073e+01,2.917197478997418436e+00,-1.933999525313394807e+00
1.477463151929655361e+01,1.830760036737008933e+00,1.748907055199480753e+00,1.436827598907816217e+01,2.331625043385157525e+00,-5.589099636271361859e-01
1.571330123358158559e+01,4.365718868339290459e+00,-3.220963322720894695e+00,1.542844187366964981e+01,3.094090413390919725e+00,-3.069594505938959994e+00
1.524896313799377978e+01,6.984209697787959747e-01,-1.620791465879852788e+00,1.623897970384243905e+01,7.665003449437557403e-01,-2.364836600242986808e+00
1.786964093830123090e+01,2.060844788235643765e+00,-4.601756654393152068e-01,1.848826198134073096e+01,-1.604001169843231933e+00,-3.753672441928888937e+00
1.463758514270915256e+01,1.283629288172341898e+00,-1.321754065182929594e+00,1.519310858574606904e+01,-1.023380185252736663e+00,-5.320746222732195552e-01
1.530489666909029012e+01,2.658293811357618441e+00,-9.692715609817507127e-01,1.547531126508744315e+01,1.240506443083099430e+00,7.252749825474996692e-01
1.640508584186532204e+01,5.749650551652200292e+00,-9.864017715338524450e-01,1.734215943472256072e+01,-3.233323476745529335e-01,-4.098473394116474822e+00
1.878315519892941055e+01,4.416212491347118352e+00,1.682395504411740905e+00,1.924158818803584126e+01,1.695251427053976245e+00,-1.964868282753436279e+00
1.623008441590630468e+01,1.371511058171827946e+00,-3.437344733048775414e+00,1.518296330132375260e+01,2.949839267946286814e+00,-1.978428926707820112e+00
1.856599062426450431e+01,2.263059350034903883e+00,-4.213382215773726180e+00,1.846998857177175424e+01,1.169373644750070440e+00,-1.424688864492834328e-01
2.043985246032799452e+01,5.970948118943206762e-01,-2.010924690218736988e+00,1.688353527841679380e+01,2.793580095210330683e+00,-2.554353851071621495e+00
1.768059546319875963e+01,-5.078651861004128687e-01,-1.042959227853006210e+00,1.658779389336000065e+01,5.636436775268814925e-01,-8.081414996735142298e-01
1.743536212739605418e+01,-6.073097016917877733e-01,-1.574905121006673347e+00,1.898816359207326343e+01,-8.939798711571759204e-01,2.739487099528022385e-01
1.720335841767167651e+01,1.217212289114011081e-01,1.932204832336867906e+00,1.937608487973001559e+01,2.607707163455208477e+00,2.155439207623813247e-01
1.799708303906795237e+01,2.426052635204558605e+00,-2.015158264162982604e+00,1.801825523582705912e+01,2.697253877558637658e+00,-9.593113753419105771e-01
1.648402634794524246e+01,4.850261048226878757e-01,-2.345875074825356066e+00,1.529850535001413192e+01,1.198047754293690925e+00,1.208303447837752453e-01
1.566200768680958966e+01,2.596996104267386585e+00,-1.341358931172738966e+00,1.769672755798600861e+01,-4.391957100543063319e+00,-1.279046279326879532e+00
1.812759619776839060e+01,3.844928031382798927e+00,3.001679236719603794e-01,1.738042105856170849e+01,3.421393444530606232e+00,3.039928593891724429e+00
1.819527126749337498e+01,-1.073147791147716301e+00,1.532064192911051670e+00,1.677988357954915344e+01,-9.895172238787293129e-01,-7.517866035166497207e-01
2.009843043936459495e+01,1.074736677039373367e+00,-1.863804935058435142e+00,1.760699779079762095e+01,2.159985744118427586e+00,-2.498237326152501492e+00
1.676426639330889046e+01,4.052186980628509350e-01,-7.052742570417617207e-01,1.497124096582084718e+01,-1.860034826562989130e+00,1.044493566389774752e+00
1.478355590371201878e+01,1.635701915764764536e+00,4.598043978470888193e-01,1.002515817705710433e+01,-2.391941373618003741e+00,-7.858514854838346553e-01
1.583813755553411262e+01,2.036145271104380150e+00,-1.758758907405680638e+00,1.277670239616124093e+01,-4.147772775465444539e+00,-2.387306163289279581e+00
1.353162009406341681e+01,1.048502267728022685e+00,1.951597204571757782e-01,1.316699062918151419e+01,-8.899405480398526747e-01,-5.253478600543586285e-01
1.443646328444503979e+01,6.386134405575123907e+00,-2.640121401364258213e-01,1.326004844201355581e+01,-1.321861322402618777e-01,-2.251596504392463505e+00
2.022894402601105313e+01,1.633682656811890510e+00,-5.733797775736241276e-01,1.469466766285022530e+01,2.586011824518845703e+00,5.565653228659802609e-01
1.566064632680060598e+01,8.895831331611027126e-01,-1.590161129471936441e+00,1.561723421774296661e+01,-1.647533816830922537e-01,4.859293762208283796e-01
1.541543415136221107e+01,1.006692857789281970e+00,2.777989706977586626e-01,1.451824113808443251e+01,-1.673383479440609944e-01,-3.327969502174101812e+00
1.243482637081423370e+01,-1.123822383257276458e+00,4.517926229748248979e+00,1.190440199409112942e+01,-1.154862440212579333e+00,1.495045774075878686e+00
1.493640750929823646e+01,1.085671074020685856e+00,-7.872394624302666566e-01,7.485830136635452270e+00,1.973257527084601559e+00,5.123137069980651104e-01
1.644256686534853529e+01,2.411093971314475226e+00,1.822856999648873932e+00,1.143788083402458788e+01,-1.029212173191708990e+00,1.625432396589621131e+00
1.469408124809470806e+01,2.711933786470208663e+00,-2.385983300010291117e-02,1.302110201512888565e+01,1.454627434335448832e+00,4.726777645127967498e-01
1.743404220096758550e+01,3.746687731461876947e+00,1.897459637882983330e+00,1.287528471549721054e+01,3.862048125384219599e+00,2.401745136116955504e+00
1.707934226607735084e+01,2.229193547607510428e+00,2.159234281431286373e+00,1.137713259214313588e+01,3.104802417570509565e+00,2.685659222645869537e+00
1.726083682801534636e+01,4.659405200394441948e-01,2.240826239550127053e+00,1.355109296619679959e+01,2.314046393822374537e+00,3.054068640582148664e+00
1.973017432883465716e+01,3.500076121979161847e+00,2.261569918374323862e+00,1.145288106471563339e+01,9.839797889902467398e-01,1.521429003948922665e+00
1.819247911798137096e+01,1.800469288973728821e+00,1.067845983807693688e+00,1.690048855538587702e+01,3.065876894180857626e+00,4.225560892815514613e+00
1.622970826134024236e+01,2.757524629330671662e+00,1.291690835552644190e+00,1.250534335282534926e+01,1.578930821691970632e+00,2.442518943486256422e+00
2.136415339896250387e+01,3.452160967289062299e+00,-8.162451054832087910e-03,1.303648138251305078e+01,2.598715141090111924e+00,1.683137257549763843e+00
1.495105335786042566e+01,1.531251785739256022e+00,1.207963486736311820e+00,1.496762545111857712e+01,1.682586078132199514e+00,3.918083012440178425e+00
1.543883765117317708e+01,1.760634956814239871e+00,1.033616983706813430e+00,1.614064292424567526e+01,3.855079551510399938e+00,1.315981591856721256e+00
1.984639567649679748e+01,2.313955209377514421e+00,-5.689110722269023590e+00,1.359707850317405864e+01,4.621664234011653605e+00,1.983447993722830649e+00
1.729258827867933235e+01,3.037204106188296393e+00,-1.538478773495685514e+00,1.277381784904262396e+01,5.106804816467985120e+00,3.372753956121708474e-01
1.560419089695480110e+01,-1.713935797537010863e+00,2.358863189544999184e+00,1.423689046893282750e+01,3.101992034811691390e+00,4.065490462172832942e+00
1.716471880905768188e+01,2.805686103001393317e+00,-1.662426772596631519e+00,1.470127120472639071e+01,2.453004219040879619e+00,1.138953957803994221e+00
1.355622802470530708e+01,7.958362072247077146e-02,-1.716946449641236772e+00,8.306285549343167318e+00,3.995895503355991973e+00,6.207162117237252641e-01
1.710519145697709575e+01,2.365916791399765629e+00,-2.113755220057570217e+00,1.377762318298622013e+01,5.265620962326639010e+00,6.278627448684560797e+00
1.762961557962577430e+01,-1.456775934734063860e+00,5.155640821805236307e-01,1.151605906058454032e+01,3.094502448065175937e+00,3.135255769691158156e-01
1.817474075633837316e+01,3.572282796259542259e+00,1.064370355076381891e+00,1.317436636480138468e+01,5.124883273482883084e+00,4.344116251192914113e+00
1.660763513976057482e+01,3.227964524947861680e+00,-2.433195187441087981e+00,1.313364511179331195e+01,2.745735910698356985e+00,2.456688757180262250e+00
1.713400128228768438e+01,4.150118908000023588e+00,3.024971149365208944e+00,1.683190237937739653e+01,3.815515889347965928e+00,3.211969913580025038e-01
1.931907098333058315e+01,5.536985182263244099e+00,9.698445317016330947e-01,1.574229808724266100e+01,3.840304428623542599e+00,-6.805096683054222551e-01
1.423122800058962767e+01,8.551023952304366293e-01,-3.705709048763651037e+00,1.160572142785854233e+01,2.699316231886043305e+00,3.295239871712679847e+00
1.967871535413636863e+01,2.580585410748353237e+00,1.999666670930995593e+00,1.800538960348901796e+01,1.706147004826500613e+00,8.870180576672062611e-02
1.507715443168134684e+01,6.031732063160768931e+00,-2.185806727099797619e+00,1.510492695674787100e+01,2.922413664454916127e+00,3.835883574431253606e+00
1.814786544246750211e+01,3.429363442656625516e+00,-1.059389230426783346e+00,1.626326392458974013e+01,1.726948279000146025e+00,-3.955289541095027145e-02
1.640418463405391591e+01,2.831308984431018416e+00,-4.550481253578360086e-01,1.601079657453678351e+01,7.348523834678207800e-01,3.938748762543391013e+00
1.672796583550563199e+01,1.379654938857916235e+00,-1.979123176589731692e+00,1.634143841388787877e+01,1.726793397121435536e+00,7.551265258725644580e-01
1.693939874036414395e+01,3.411702564306831942e+00,-6.308970762950170119e-01,1.467963082653915663e+01,3.330984887516808435e+00,1.716219927670096901e+00
1.897621882007990379e+01,1.016572366244344536e-02,-2.758130975697067555e+00,1.878008724971407872e+01,-2.401863891334880818e-01,1.609560119101774767e+00
1.649536676750448905e+01,1.552100420524721747e+00,-8.534992657017296258e-01,1.302359895134812184e+01,-1.520154912832177629e+00,4.130601667239714447e-01
1.634938599402571668e+01,4.483749504095578153e+00,8.269831210326548110e-01,1.674402005901989909e+01,3.567386385354025968e+00,2.008764357510160803e+00
1.739753019795782762e+01,2.192596437824213762e+00,-9.175870160651741214e-01,1.473198744666933813e+01,6.538358582572190159e+00,2.325906042006544716e+00
1.502175419565104697e+01,2.521601835148227000e+00,1.131813576999829207e+00,1.588104174624663223e+01,1.293004391354809934e+00,-1.697461220398933435e+00
1.947071199530414276e+01,5.074064349056278900e+00,1.823080010842853538e+00,1.304038119682716435e+01,-1.924609650859970378e+00,-1.637192730214008574e+00
2.211658499115937815e+01,-1.904550543102643267e-01,2.749914163515371879e+00,2.074613115193357515e+01,-1.184630180552786127e+00,8.316231634734411182e-02
1.927691557534922140e+01,8.851688959634419485e-01,8.592954822754680366e-01,1.758023016007656381e+01,1.366387071320436464e+00,4.999219378270352010e-01
1.973711924438191545e+01,1.466109558959501014e+00,3.565305130455302507e+00,1.326190896471289271e+01,-1.504886465116428651e+00,3.790739659926001259e+00
1.630496787451024687e+01,4.209331449769957878e+00,-3.102777010155933546e+00,1.611436480241987468e+01,4.287095883862394707e+00,-1.998194715741851424e-01
1.496348070148888709e+01,2.042176851158331363e+00,1.136394862436068243e+00,1.598312486559873058e+01,1.364155960079372454e+00,2.776693995938873449e+00
1.600191664535193325e+01,1.374428852532088241e+00,1.322297289852156110e+00,1.651093017166019550e+01,3.252478622300944977e+00,4.897216767641965340e+00
1.622614173414120131e+01,6.353604458691702872e-01,9.332551988779566043e-01,1.594724351211230484e+01,4.902138919523105209e-01,-1.522627742769965264e-01
1.779383949974674906e+01,3.429841378700923649e+00,-1.376575625507279188e+00,1.474067096055610016e+01,1.246394072933406649e+00,-7.203493225654279408e-01
1.812250146603363987e+01,7.544352202791423379e-01,7.222657473581218790e-01,1.534673545513967774e+01,1.071220642707296555e+00,2.906202037253624582e-01
1.486676059476090828e+01,2.790168077071645047e+00,-1.637554933107756350e+00,1.597370189157884823e+01,1.879730737979028676e+00,-2.115545021735692810e+00
1.439187800068560108e+01,1.794481263999193166e+00,4.445671074361537967e-01,1.465052562660386215e+01,3.407138707211468276e+00,1.088668557916271269e-02
1.643576596563744019e+01,2.760534767051388005e+00,8.867332428337039163e-01,1.212876922720267991e+01,2.336394568149451068e-01,-1.066863044264808158e+00
1.523191149426266477e+01,1.249301271875800534e+00,-1.278907558447337500e+00,1.483007406931991845e+01,1.607807151438548798e+00,-2.173042111472747173e+00
1.677664041789591565e+01,2.127260088232092450e+00,-2.449342453277386866e+00,1.690182921088100798e+01,1.105528231994523658e+00,-1.280471951646011131e-01
1.617286818488978994e+01,5.595675388323879673e+00,-4.023902119304080038e+00,1.647479031946228645e+01,1.453431088272015836e+00,-1.033302477718106349e+00
1.761155675850199387e+01,2.369016998538334917e+00,-2.660139967123074545e+00,1.723355313914620979e+01,5.008102452623703904e-01,1.359538012227291537e+00
1.635580761116444393e+01,2.837576728436943085e+00,-3.428115691036920931e-01,1.542053471213842641e+01,2.783750627996758542e+00,-1.731933682512628803e+00
1.470473477656223693e+01,1.975840439508945723e+00,-1.516630793943714917e+00,1.337061991784429615e+01,2.147134031922885100e+00,2.402558913841568611e+00
1.582085503654390379e+01,4.457784011530439905e+00,-3.557476060103025972e+00,1.469874516497174177e+01,-9.470257854084398463e-01,-1.807701471605897670e+00
1.365721597347546101e+01,-6.318228893680174485e-01,-2.881346196364797940e+00,1.575605281983887984e+01,-4.770505085110681165e+00,5.093161856293235701e-01
1.717877969256979043e+01,-2.988153802457643504e+00,-3.248647418233369666e-01,1.598004786710474612e+01,-4.124253974517713139e-01,-2.719694038880806630e+00
1.642251643092195579e+01,3.057912825575098470e+00,-8.521324803775678358e-01,1.518604970978630675e+01,4.121884914665366217e+00,-1.557815318619165446e+00
1.401076846471487691e+01,4.876660591335680195e+00,1.896326927105713489e+00,1.414262581750628378e+01,1.821119967835825637e+00,1.422423639299876141e+00
1.477425167850053889e+01,6.263210935724747408e+00,-2.310744417790876248e+00,1.743026350806861657e+01,2.080319089817983080e+00,8.231475897093410987e-01
1.478251472825859913e+01,2.814429688604357604e+00,5.643599423850191588e-02,1.661623330470865767e+01,2.782088401409510858e+00,1.517400348259142939e+00
1.313924189944555110e+01,3.460096878473319038e+00,-1.632518927308275414e+00,1.644536284814348903e+01,-1.238840542827406743e+00,4.695080041372731161e-01
1.769688702014918036e+01,7.202769274791431364e+00,-5.560678654779082741e+00,1.689125652203575001e+01,1.724953956535375310e+00,-1.448859853164147449e+00
1.401316544101333861e+01,2.267498847115057892e+00,-8.702141391757244049e-02,1.497674629236581723e+01,1.822241252559186453e+00,-1.572744629268477023e+00
1.854413647761383643e+01,3.286597219301989448e+00,7.626487462060162204e-02,1.686477085334265524e+01,3.062330996011411344e+00,1.894693057001787029e+00
1.418228395940387898e+01,1.616205660941608002e+00,-3.112695764163928569e+00,1.438205409153988157e+01,2.989791566990855021e+00,-6.195885931251098988e+00
1.614378173296474372e+01,2.334895309303580024e+00,-1.023583924451734850e+00,1.575301961310583287e+01,5.899222539076910188e+00,-6.599998413211078940e-01
1.687677407553622899e+01,5.331608796587876675e+00,9.323363689000030430e-01,1.868207720008082617e+01,1.181109316348371241e+00,-2.036552306526090206e+00
1.677925885645965565e+01,5.177636720087976485e+00,-1.150393841074994983e+00,1.771855290786739801e+01,5.425408785106612619e+00,8.170767651372830287e-02
1.806139730320500192e+01,2.849427717086288947e+00,5.914761866747915153e-01,1.743748974101525562e+01,1.618027282756925311e+00,-1.290570394839970048e+00
1.711075559722981865e+01,5.479050314660993237e+00,-2.917166307742274700e+00,2.030618739191227817e+01,3.650944842455117190e+00,-1.543853309300265542e+00
1.484486516007946655e+01,2.086071480393119071e+00,-4.538760578110380806e+00,1.639099757010191283e+01,2.199242623065502666e+00,-3.242373578081359842e+00
1.977269275267672555e+01,5.816844157667412141e+00,-4.558547045706384360e+00,1.597359237910037422e+01,1.476053828929600797e+00,-3.798213173795397690e+00
1.830420253848589240e+01,5.076616097157354623e+00,-3.890186441206795465e+00,1.527804620481429332e+01,3.301780324206440298e+00,-1.508924816777634792e+00
1.663705942616894973e+01,4.128800019972588942e+00,-2.152829883836210989e+00,1.663963601664278613e+01,6.346789046296366088e+00,-2.101980578724085724e+00
1.571813730527490094e+01,3.850199971016207812e+00,-3.726594417726096786e+00,1.715606985118477112e+01,2.851095048739942239e+00,4.747750440667806715e-01
1.723896550974507136e+01,2.088506347181720901e+00,2.503534923085743547e+00,1.777885856550936339e+01,2.286160367563027762e+00,-3.498974688491883756e-01
1.499190509332119348e+01,7.680161642614228512e+00,8.667346104686550756e-01,1.380566172806507907e+01,3.425904106701675556e+00,1.181035716607763186e+00
1.303730209598843004e+01,4.494394925562109400e+00,-3.979664738666571555e+00,1.149939140812070981e+01,4.892242328584269551e+00,-1.709657128784646263e+00
1.489416538165012405e+01,1.011485445519162418e+00,3.134571425247095089e+00,1.422135865578484548e+01,1.474699013022964023e+00,2.672805111043073278e+00
1.695568710555547653e+01,5.260478294347080030e+00,-5.096679373256853829e-01,1.423246898372627633e+01,2.528486905837386445e+00,-2.398765143032817182e+00
1.473597440476295795e+01,4.859596507756574368e+00,-2.460131117801692469e+00,1.191558717539511747e+01,4.270325213742967030e+00,-1.397186743996427505e-01
1.234134922764015130e+01,4.729860826643489391e-01,-2.372541738808343847e+00,1.402717721034483311e+01,1.651993421723792765e-01,-3.610039808508793246e+00
1.054350974080004555e+01,5.300980588329678334e+00,2.910403006510672519e+00,1.569734766257675140e+01,4.522472323061165200e-01,-2.976209523234045751e+00
1.282526478955807825e+01,1.292124208631902249e+00,1.921098135375014726e+00,1.612480575299558794e+01,6.255782299175731254e+00,-6.068812043063318562e+00
1.344674099367881759e+01,3.113586420862778148e+00,2.498641847201557464e+00,1.246413209144050427e+01,3.238471446235844819e+00,1.324825331640538395e-01
1.265329004223014664e+01,1.189802395483461117e+00,2.592822327658137471e+00,1.268686908811391412e+01,2.045380961589889246e+00,-2.203283937944691573e+00
1.399051445339316047e+01,4.053210379693088505e+00,2.115273108026444859e+00,1.566830206304958040e+01,4.907601842481436272e+00,-1.194318418535470938e+00
1.136729094675821905e+01,4.025424080477227662e+00,7.816706782065457881e-02,1.847149787763617823e+01,4.031873954770752277e+00,-1.194006234048558879e+00
1.480504585177257582e+01,7.734584358729597042e+00,1.408913259332552848e+00,1.506260500127486246e+01,2.923282682858491466e+00,-1.684195918420941185e+00
1.493340981067628803e+01,3.248066347350862415e+00,-7.617904184951991287e-01,1.741100357166636670e+01,2.913822160870491729e+00,-2.569921762595420489e+00
1.199241420731902430e+01,5.307316846412764910e+00,1.597766632683288446e+00,1.556600794187639281e+01,1.647108997430089872e+00,-1.637890517019814363e+00
1.474808455183973699e+01,4.454384489521602264e-01,-2.915139616726205585e+00,1.560156698026230693e+01,3.564978144670913451e+00,-2.696064841634693288e+00
1.072363164277146019e+01,4.541532778480931398e+00,1.522548388326752988e+00,1.542454035272911561e+01,6.036237941668926688e+00,-1.961649413944549281e+00
1.211902384685516587e+01,6.213363771331457563e+00,2.181762694618177179e+00,1.762226452060578552e+01,4.525049862962291058e+00,7.228803168193306261e-01
1.318029345993000412e+01,7.423793235874499352e+00,1.408572537096328015e+00,1.653127368146712328e+01,3.932786410828394974e+00,-2.072555630831088624e+00
1.127856020397291026e+01,6.194823252734540375e+00,1.204055160831737081e-01,1.329183658351087871e+01,1.745683181620593549e+00,-1.105600164143853537e+00
1.387228969944147572e+01,6.430696437466839832e+00,2.308914152656874400e-02,1.574620321019983926e+01,5.795328822428441384e+00,-3.311501867587854697e+00
1.501964172836557765e+01,7.539494148377053229e+00,-5.569264342429843806e-01,1.956023053930919886e+01,2.867729203914833658e+00,-3.176901916649557567e+00
1.060001889610462911e+01,9.167518070782149309e+00,-9.108740782262265689e-01,1.899394922540960096e+01,5.775348221236520807e+00,-9.541250593709454941e-01
1.609394193567259990e+01,5.450007561531959865e+00,4.967930964286018658e-01,1.690010840137786019e+01,5.818782416373066368e+00,2.740139946615300470e+00
1.478070163624322930e+01,5.086543652720916242e+00,-9.559228620053540348e-01,1.776988654408680190e+01,4.621580792446596142e+00,-7.886753479968587888e-01
1.900403439269515005e+01,7.511027592910447304e+00,4.621390080688143165e+00,1.762196845877036111e+01,8.153536848021271100e-01,1.365390663984614505e+00
1.751366860779372914e+01,7.071447844080591238e+00,3.017263824920493054e+00,1.566380984593349801e+01,7.606211797892394877e+00,7.956429015834499685e-01
1.555847778398147696e+01,6.239936729017522055e+00,-2.630995400129760298e-01,1.976627257067572785e+01,-7.449581798427863388e-01,-2.128138230379779117e+00
1.286096914466634011e+01,7.288214792517718088e+00,3.903329804873009845e+00,1.887584522753155269e+01,6.590454837838939817e+00,-2.589697560404285781e+00
1.352398472126714601e+01,9.163278507555958186e+00,1.916583063935228815e-01,1.655484833888107943e+01,4.608099115072681329e+00,-2.470017539491943026e+00
1.637311753347264442e+01,4.558983525746887366e+00,6.496109768199530343e+00,1.908064097138060333e+01,2.461794238792918144e+00,-2.114600742186908133e-01
1.463538584650909691e+01,4.993798426231276899e+00,-1.408905355149060457e-01,1.709027027969709067e+01,4.914381046746102655e+00,-9.777355093782688078e-01
1.257770393747624205e+01,5.609501984177716949e+00,5.390154891423961203e+00,1.831639267360001710e+01,5.215481622602081480e+00,-6.441264482143850278e-01
1.331494490497986050e+01,6.340658018222839587e+00,-3.204589615826578530e-01,2.082525362841795769e+01,1.671486656922385627e+00,-5.354759650312487018e+00
1.516677497803067354e+01,9.123206738342556577e+00,2.234520424401002625e+00,1.780940769507185806e+01,4.555093593265766572e+00,-3.336993099452523648e+00
1.405143794052665562e+01,3.383073761235386723e+00,3.047396023773250917e+00,1.831440126771536825e+01,2.311617332534876113e+00,-4.404848494694604710e+00
1.291920463649388573e+01,3.885155767171440289e+00,3.762022381672160964e+00,1.654048030703144079e+01,2.491834890182292206e+00,-2.019182184463013563e+00
1.470166535339302172e+01,5.122154114278528958e+00,1.238573570855541650e+00,1.935131083953851316e+01,2.762811929527972943e+00,-2.397843333163073520e+00
1.353434409678294692e+01,4.985095530261943075e+00,6.564928079531350491e+00,2.289188207904938821e+01,2.741704951514940536e+00,-2.533254711419784755e+00
1.704296175116376233e+01,6.706660277784672053e-02,9.743197248885860917e-01,1.522815326250736589e+01,2.957558409246390241e-01,2.037013625445579235e-01
1.445483216808850990e+01,8.175239764712175727e+00,-2.422696416130294406e-01,1.680072350533558634e+01,6.934906925377199549e+00,-1.562836209380212837e+00
1.699274042406489826e+01,4.188551016423514461e+00,5.206626830418119578e-01,1.983121969548982122e+01,4.976015036247155798e+00,-2.896526589131465990e+00
1.219347388439184598e+01,3.009248947616097514e+00,6.680904500210549379e+00,1.949334194744985638e+01,5.137641312142192440e+00,2.338148843626594864e-01
1.913198698210580417e+01,2.159803180770002218e+00,2.860423938328936710e+00,1.988974678826850706e+01,4.601298094579090225e+00,4.253966133957383100e-01
1.454090335795757305e+01,4.262564315933802916e+00,4.929740011710987524e+00,1.718423884482744057e+01,5.539903535277890256e+00,1.364605135381744994e+00
1.745214388338649059e+01,2.415825473669816148e+00,2.402767736090641204e+00,1.862956142383307068e+01,2.653481407351223176e+00,1.304355496689651658e-02
1.669892492371836212e+01,4.397443389857102147e+00,-3.118988498806465892e-01,1.606168644569161685e+01,4.546592814822600026e+00,-6.076461569846246524e-01
1.481493347203057809e+01,2.572334309279924902e+00,-1.468562602676099837e+00,1.719228297868987809e+01,4.055697786664318016e+00,-1.953020176736519398e+00
1.782441826207887203e+01,5.253734533168082699e+00,6.956508735758529793e-01,1.799522835335533344e+01,4.975638161630428158e+00,2.173895884338639672e-01
1.726445675873195285e+01,3.755728198950486263e+00,4.246539754425373125e+00,1.480129791005481898e+01,4.219220915053174537e+00,1.696033775423391843e+00
1.578326190800804696e+01,4.174046649694490796e+00,1.765715663712979167e+00,1.605159405513913029e+01,6.316158963801975723e+00,-1.632411616822096345e+00
1.742195122554691622e+01,5.329793823165502431e+00,1.269979804879619811e+00,1.634116565531636667e+01,3.875388979102615039e+00,4.145754874550907410e+00
1.429450483356532331e+01,4.128167225720360989e+00,2.285617778191665117e+00,1.414662337077308507e+01,5.633978450961505402e+00,2.746376443500133657e+00
1.601467087636185482e+01,7.501551910613007301e+00,3.820008013591099871e+00,1.646688812186386741e+01,6.419401159808077573e+00,5.301062223996748646e-01
1.478014884118400296e+01,5.047550871148494878e+00,5.835616617899943570e+00,1.431124803073615936e+01,6.815640494483007572e+00,2.030281349759309517e+00
1.685614018357211563e+01,7.045322673251069645e+00,5.677530005667803970e+00,1.762653540901176896e+01,7.089618701657751210e+00,2.840613016906194055e+00
1.893069891323503739e+01,4.374142216319844678e+00,6.325348488535949443e+00,1.652161375539018096e+01,8.280650931643702251e+00,-1.681180447722625815e-01
1.543527097764595801e+01,6.053839042363130751e+00,3.041250761357995991e+00,1.494268559089101878e+01,7.059523060999514321e+00,3.090162257998453121e+00
1.534171226146812828e+01,5.289737546053138395e+00,6.757432923536457192e-01,1.782652648388599914e+01,5.956373221851675837e+00,6.350005287541752308e-01
1.810194164474990686e+01,5.702002583321910123e+00,4.229558189619153197e+00,1.938125576153169050e+01,4.970128134809647769e+00,3.149438133809283613e+00
2.014499852815555414e+01,4.821541474021530327e+00,3.650082057636955923e+00,1.917828861163917153e+01,7.354675175636043782e+00,3.160759519955341990e+00
1.457743136308210730e+01,6.487400738147730550e+00,6.321447703609598401e-01,1.564524081513223841e+01,4.344647784382373423e+00,7.236328798126195894e-01
1.749878550524189436e+01,4.150300821768404980e+00,1.568175409476527893e+00,1.872229109844436579e+01,7.886499626938894281e+00,5.065737288951871697e+00
2.008172585495062634e+01,6.820212152658892357e+00,2.863915439769410543e-01,2.049538027994973888e+01,5.458526497039831504e+00,1.580937033002704828e+00
1.931389480636093836e+01,7.275520237748446029e+00,3.145412079789558835e+00,1.716639459333747197e+01,5.772712525274190654e+00,5.170158859905722437e+00
1.866688642792825448e+01,1.659512099865551704e+00,2.144868683031152301e+00,1.518955334713995420e+01,9.608045484891661658e+00,3.042110366254895393e+00
1.463991476731665031e+01,7.113432627269251185e+00,1.783664431252753035e-01,1.454308842112747158e+01,7.948176406825287366e+00,6.483761151351928875e-01
1.628322993814103725e+01,6.268727824419618955e+00,3.655985785113618824e+00,1.672554177230438199e+01,5.340102417111689093e+00,2.874985290042464392e+00
1.691546070594841922e+01,8.823869206456194547e+00,-2.032195231506844224e-01,1.636044962553497228e+01,8.837270330403013574e+00,6.736776007171587644e-01
1.411048264588247392e+01,8.325861125063822143e+00,1.367899715843128305e+00,1.134966585364175273e+01,6.618687821110438740e+00,4.600069947536422177e+00
1.593623170352662299e+01,6.289403657583688023e+00,6.322172970155360616e+00,1.755281871264675075e+01,7.348267563542775882e+00,5.337392443806808551e+00
1.302150829655596631e+01,7.069382132856052436e+00,6.669840464045785344e-01,1.271345249212119555e+01,5.537663978296123446e+00,8.798387001928978934e-01
1.630836534750175915e+01,7.594338831122548150e+00,5.230199231860011011e+00,1.633830609847819915e+01,5.206251131558790490e+00,6.700100364797530794e+00
1.301439621734671270e+01,5.634478588075332972e+00,-1.725354868551296272e+00,1.590038933738223648e+01,8.895712675912097467e+00,1.758034908874154922e+00
1.539495547498007966e+01,5.564772146151629961e+00,3.300914588001192529e-01,1.701026354558270626e+01,8.879716652026424129e+00,3.283943696673242041e+00
1.539876506723653549e+01,6.734024887252358482e+00,1.274831418874704081e+00,1.506096428022752320e+01,8.833523107692411003e+00,4.195600183274422079e+00
1.429675066503775582e+01,5.773041182398233495e+00,8.189928261670453846e-01,1.933480730948285498e+01,7.243190472880700170e+00,8.951624490710328175e-01
1.473012770050837439e+01,7.332794748166013399e+00,3.733312660937241567e+00,1.577954243625292285e+01,5.798410790597907649e+00,2.670938399092272597e+00
1.739373536690451161e+01,7.782670529718306085e+00,1.884621478729092914e+00,1.799963802536565893e+01,6.812496581391745742e+00,1.145028016485025724e+00
1.676237202072360688e+01,3.786390684739227908e+00,-4.552289690592363769e-01,1.876443163959210736e+01,7.105893760496832634e+00,5.052233669644765612e+00
1.408052238915510124e+01,1.185464410293025184e+00,1.455342918030986810e-01,1.621563456636868850e+01,8.817020129523216454e+00,4.047088649151529438e+00
1.343425700639943798e+01,6.310798420215747662e+00,1.887946466279442626e-01,1.461313897999196065e+01,7.080902913758530204e+00,1.242385089237496576e+00
2.063197681487267232e+01,6.800444503434074583e+00,2.694393876916172936e-01,1.324002169849562094e+01,1.036160817927447120e+01,8.664703183822839438e-01
1.876911417061868903e+01,4.757838014918663205e+00,4.959192837158003186e+00,2.009992136053083200e+01,5.403226210231202309e+00,1.575404454212561145e+00
1.894984650944205384e+01,7.020071608543605457e+00,6.332160754089838361e-01,1.795283539259239802e+01,7.011105398723561422e+00,2.821235732496560455e+00
1.583971349978420839e+01,2.018030854110167471e+00,1.526948934986235074e+00,1.690174551691511340e+01,5.053228021533523240e+00,2.250150224272697397e+00
1.808296304527879883e+01,3.701273803487079572e+00,3.870957446943604108e+00,1.500525240114020775e+01,1.161178687298611578e+01,5.145654048447542372e+00
1.644481805232858207e+01,7.475769730680752900e+00,2.832556026593778586e+00,1.643544750169471058e+01,9.861317509133950665e+00,1.658039463258116353e+00
1.728585130915498524e+01,5.033906963577504889e+00,3.241407045299423473e+00,1.589557189670595783e+01,9.872775325610456676e+00,6.408947162375959294e+00
1.827285977573092524e+01,3.146831408293991217e+00,2.118991890989625482e+00,1.994629266087080666e+01,4.865962877416289523e+00,5.696773177896809592e+00
1.717080636157709250e+01,6.211560456391175045e+00,1.931594160333403032e+00,1.670626876173599129e+01,8.283229075882424297e+00,6.768262596426482425e+00
1.623105134100645586e+01,5.968564119485918695e+00,8.294077388854765864e-01,1.634026284400313145e+01,8.467174120008474247e+00,3.812629378795000079e+00
1.862332190563954626e+01,5.552476368494218661e+00,1.572313625805117354e+00,1.926130983497424864e+01,8.175432414457308283e+00,5.169610513971009347e+00
1.736651207163361121e+01,8.748147567722119433e+00,2.669825520577389533e+00,1.912211874350978036e+01,8.054256842739645705e+00,5.269482648023579685e+00
2.125631053222100064e+01,8.570808210232142343e+00,1.283089575757216938e+00,1.932208818254168747e+01,7.977539035264471501e+00,6.170803874584635196e+00
1.855617917107428738e+01,7.701665482571378618e+00,1.843572388722977351e+00,1.973399159371131972e+01,8.005699569998569132e+00,2.920701762997465423e+00
2.043768452505844024e+01,4.611030410518898393e+00,9.197512621113373754e+00,1.737089425700546030e+01,7.750586181809440589e+00,7.037468700131127797e+00
1.704213384013852561e+01,5.424837582777076506e+00,5.011239235133027492e+00,2.022382348542123864e+01,8.700506123509745393e+00,2.169197997265843281e+00
1.766707595254841934e+01,5.465511630682700961e+00,2.239198620140518070e+00,1.767964186667026283e+01,7.778610785459974863e+00,3.450676145849834953e+00
1.964534156699895462e+01,5.444404573034200112e+00,5.970435072216074168e+00,1.942760226848740501e+01,8.271772608459123433e+00,5.880504921638905813e+00
2.051220823866029974e+01,7.454607083362033926e+00,3.442440340152910672e+00,1.991643918378730760e+01,6.011307323137063285e+00,3.414125617964626436e+00
2.185034075682298749e+01,6.602594213474620943e+00,3.944483672439718980e+00,2.449423617853148016e+01,6.158929508115527085e+00,3.156096746383424190e+00
1.919150594969143597e+01,3.320383234346960588e+00,3.308648544768744593e+00,2.127826584174255231e+01,3.077006432317396012e+00,7.118981952536389546e-01
1.831939070670845737e+01,7.363897979389830262e+00,2.616211834301403361e+00,1.885676180701161186e+01,7.408437173275649101e+00,3.147027834412811753e+00
2.158453420253689004e+01,8.216977387728425342e+00,4.886344786844557753e+00,1.714257253722816898e+01,6.434382002295913949e+00,2.424362307714835740e+00
2.205469434513813454e+01,9.730699378713238090e+00,2.752614222868955185e+00,1.998831425356400260e+01,7.664379473162055589e+00,5.244780024882309100e+00
2.168768517080427216e+01,5.771382414662995508e+00,1.206204358669384913e+00,2.180075717913040378e+01,7.748895702802992780e+00,9.014428765618304196e-01
2.110200127277245130e+01,1.235295102199077810e+01,2.214806352710015247e+00,2.028334103825998724e+01,1.282960241040523464e+01,1.253169654791612908e+00
1.938334115685577785e+01,1.322002234121940667e+01,3.446521147220635406e+00,2.108392229092372716e+01,8.596798995099845797e+00,-3.081630649698719804e+00
1.911553185769587770e+01,6.468207730676158285e+00,5.386693241974771951e+00,2.029328630803358280e+01,5.789074274114632601e+00,3.800238172454025509e+00
2.064946642640121865e+01,7.997947972531454397e+00,4.398231472663504671e-01,2.183481622622658591e+01,8.418002301531984699e+00,3.824474533711397228e-01
2.110181765662397524e+01,1.032841813333353542e+01,8.925766940585616593e-01,2.125976308282839611e+01,6.540976169750558178e+00,3.383667599249605917e+00
2.065615134243081386e+01,6.940980347682627283e+00,3.355251471030360477e+00,1.989570479671658632e+01,7.231326158774037616e+00,2.199813828009019367e+00
1.751542557637457165e+01,9.512081547508890011e+00,3.059511770226326810e+00,1.752843031708700039e+01,8.186629503669079710e+00,3.627208822278360500e+00
1.936467205700812144e+01,9.423977341729347756e+00,-1.364553075831590911e+00,2.036531386065022531e+01,1.020720572268981208e+01,2.702007871086828494e+00
2.014005942394108573e+01,6.858746658650133554e+00,3.282092580924881875e-01,2.137359149246460177e+01,7.638771480593604224e+00,8.944039843839927117e-01
1.783404568293071080e+01,7.690882596343683986e+00,-3.458014520115433865e-01,1.628508764721981095e+01,9.037646733486594641e+00,-8.334561287896284920e-01
2.202355877272797713e+01,1.218277881758292125e+01,3.291441982811320166e+00,2.060805537111437502e+01,9.691823989623793878e+00,1.492476954434938996e+00
2.018000334232451820e+01,9.655768758311888078e+00,2.702496591603677167e+00,1.955783761910747742e+01,1.064101175983164538e+01,2.907820755453681461e+00
2.019955804604075666e+01,1.153457077317496271e+01,7.484391703245332206e-01,1.972473964912937205e+01,9.844741290012411383e+00,1.187715119445932777e+00
2.086008320487595213e+01,1.067913215248256442e+01,1.118722189019568214e+00,1.866781278168546976e+01,1.357892320404114272e+01,3.137561470301993172e+00
1.700998114205950529e+01,9.572000882697134116e+00,-8.668526204069004759e-01,2.038480409717105601e+01,7.940772809667850041e+00,-5.719673159281868369e-01
1.774900740901386342e+01,1.341538947348521305e+01,-1.545443972794530385e+00,1.785801244183934955e+01,1.278330314810531121e+01,7.602866682239811658e-01
1.691913614184101888e+01,1.070171695936969058e+01,-2.156025539182830075e-01,1.544171019671416190e+01,9.546567654308988793e+00,-7.874079533602340586e-01
2.086366858689748938e+01,1.207019121899692848e+01,-3.624948737025892459e-02,1.885896592525081061e+01,1.060676838808931244e+01,-2.353581179647689925e-01
1.837834921158328072e+01,7.872694708302534039e+00,1.167593575163215380e+00,1.815114243973976471e+01,9.359602644622212253e+00,1.674067034284245192e+00
1.889328281955207700e+01,1.170276184067065195e+01,8.211675951298034182e-01,2.234923293007460643e+01,1.431653105101998058e+01,-2.788242412837336648e+00
2.079439407932152051e+01,1.313116017881207220e+01,1.673096944644908213e+00,2.081750720531892895e+01,1.230421151695071913e+01,-1.239800052336869074e+00
1.833383349208585145e+01,1.089499601660085304e+01,6.674348258766473752e-01,1.899083321021920412e+01,8.997083609729346065e+00,-1.673761031741729077e+00
1.763073260130125064e+01,1.416695093918881021e+01,-1.729087103799603398e+00,1.428338567462217945e+01,1.372636605027014234e+01,5.153318914843282306e-01
2.216738228300055980e+01,1.242380160679371848e+01,-1.370008833085136324e+00,2.031568747555768084e+01,1.271543392984587584e+01,-1.897161970418151489e+00
2.031193253111683816e+01,1.297893188287330446e+01,-1.510801466162026818e+00,1.825066910267039688e+01,1.239628861685717354e+01,-2.018864474569726397e+00
2.015737849284596450e+01,1.379397795292025641e+01,9.723398565781056213e-01,2.179174568010538948e+01,1.218755928339109040e+01,2.905439507005203037e-01
1.810369715558027792e+01,1.412911343569054345e+01,-1.231725512009015366e+00,1.885883844897517747e+01,1.544465218448391042e+01,1.229751523838671923e-01
2.153396900635497246e+01,1.325220712915133880e+01,-1.169807234754582037e+00,2.019629970985119272e+01,1.353488705689579064e+01,-1.190268811016546024e+00
1.925283972663862997e+01,1.652481308218782630e+01,-7.328379285442191415e-01,2.011656243784476317e+01,1.545252900370916649e+01,-1.122857133367253235e+00
2.389013981613023674e+01,1.571771689983322595e+01,-4.183631312045630879e-01,2.072369742712230689e+01,1.270382135130100032e+01,-6.079723490450665846e-01
2.103087634704556663e+01,1.306950606298179807e+01,8.257179521681762280e-01,2.073604452530359055e+01,1.354186197808647840e+01,1.241384871268673917e+00
2.048493158424103910e+01,9.272878625798041341e+00,-1.867279328424480189e+00,1.965878972614094877e+01,1.698980977305828333e+01,1.546371347158668197e-01
1.885105634167586430e+01,1.337783266128870352e+01,1.016514145199605368e+00,2.180930100327881505e+01,1.498454691232679004e+01,-1.650714761627246396e+00
2.073207220016697150e+01,1.271613654375194535e+01,1.008803434186623216e+00,1.979791105345082869e+01,1.339055576281153037e+01,2.043230128434976312e+00
1.937724150266420509e+01,1.256518498754594049e+01,9.224643872462594540e-01,1.956553953613835617e+01,1.580355364887824088e+01,4.173137951016114400e+00
2.067684234610016603e+01,1.440465056406663180e+01,-4.434061156911387691e+00,2.071562131033522647e+01,1.566701216937289409e+01,-3.517723815000491250e+00
1.940118105667430726e+01,1.432732667553101535e+01,-9.365895968554047712e-01,2.056395094498381226e+01,1.644301414636041514e+01,-1.089990512364739761e+00
1.852612621998495968e+01,1.203350396182055349e+01,-4.535925702908448542e+00,1.973000746754436108e+01,1.329960191670264535e+01,-1.840573399709216407e+00
1.841678994203039466e+01,1.106890027126001108e+01,2.286446340605754191e-01,1.589212968912153379e+01,1.485141610687180247e+01,2.419367218781306228e+00
2.268830366244634078e+01,1.154964784425438573e+01,-9.250432906080852113e-01,2.446925781394154598e+01,1.287857025243561537e+01,1.069491578772533646e+00
1.720618797985609660e+01,1.313457983419838193e+01,-2.692733672892742458e+00,1.755505695681931044e+01,1.273354031157077948e+01,2.940404254431262743e+00
2.111042408617958444e+01,1.354110834591538470e+01,-1.521769483636723486e+00,1.927831476478313988e+01,1.220580369627004202e+01,-1.243828635842789021e+00
2.120744107343210416e+01,1.233693672389962792e+01,1.073583719656432622e+00,2.057146139464723689e+01,1.057746395377277793e+01,2.046554370793803646e+00
1.703998747646770440e+01,1.339303274928919762e+01,-2.580889317663515592e-01,1.609218112345047658e+01,1.464730517383550712e+01,2.244793793295568052e-01
2.165169617111446954e+01,1.456427262320711691e+01,-9.158523261080346867e-01,2.151786953360984000e+01,1.024694072883616514e+01,-6.914770112653705336e-01
1.837500697925278104e+01,1.325007779604951352e+01,-9.082881044149917343e-03,1.650602409444546836e+01,1.388792805433800304e+01,3.459842647449047792e+00
2.075081744230581293e+01,1.321767164213182610e+01,1.389618758418227129e+00,2.190256219342734312e+01,1.303399275626416554e+01,2.053681560792496086e+00
2.124525452107071644e+01,1.512536985174439330e+01,-1.063070346060815297e+00,1.817807915045829503e+01,1.452896142584453365e+01,1.421399337261987750e+00
1.882598241079652368e+01,1.066028437826660458e+01,2.494127559314029074e+00,1.984746555371591725e+01,1.099070455142499725e+01,-1.289052308042384354e-01
1.908518838869350631e+01,9.917809761336453533e+00,-1.647625739326816774e+00,2.142539515281612239e+01,1.465955182008744906e+01,-1.127344791794822942e+00
1.915951988803947259e+01,1.079339249728562145e+01,-2.406513746567403800e+00,1.685697659997150311e+01,1.338872793922686988e+01,-1.281196368229375437e+00
1.766218231770713132e+01,1.300811566996865309e+01,-1.417896887297613207e+00,1.607166040027514953e+01,1.361946593015311535e+01,9.045831056781941104e-01
2.212649184695993654e+01,1.389688137323075345e+01,-8.414735355195794853e-01,2.084535507120052955e+01,1.136272655192945180e+01,-5.259784896377365238e-01
2.097550929714119405e+01,1.241405426966532843e+01,9.214352294629423179e-01,2.109209596611517057e+01,7.089558055396024017e+00,4.873404019740480986e-01
2.082400196540841719e+01,1.339888025146686168e+01,8.184174606790162176e-02,2.247609187988652835e+01,1.059602153424537185e+01,-3.512445523082526666e+00
2.011254273478927601e+01,1.452694895083658189e+01,2.905531066613786795e+00,2.057274014113426830e+01,1.356371446432671135e+01,-1.463420763686106296e+00
1.975383818612082365e+01,9.067088887378689677e+00,-6.214814766539515922e-01,1.967162044614138594e+01,1.303285729733053877e+01,3.341377222186783680e+00
1.938887194594341778e+01,1.278310662841685286e+01,2.958682095869737960e-01,1.929881560631051585e+01,1.255725173235167347e+01,1.695828209243246620e+00
1.981042271164110602e+01,9.270006983462966588e+00,-3.331017632237365245e+00,2.122177855401506363e+01,1.281921472203632462e+01,-2.942383110303806504e+00
1.926138707156249907e+01,1.108820033801893601e+01,-2.297253313263337038e+00,2.252004790213893415e+01,1.178401180593984243e+01,-1.956024303355612837e+00
1.927551114929640974e+01,1.229600119448375928e+01,-3.917923535636404164e+00,1.766205198862145309e+01,1.345436367716868453e+01,4.085613248167964784e+00
2.033343492442462264e+01,1.540630550557432166e+01,-4.731935428627699558e+00,2.118179928711832716e+01,1.497291428258445478e+01,-1.848040412711011993e-01
2.036968558460775824e+01,1.546625108062858445e+01,-3.756486293909814478e+00,2.217669396605621301e+01,1.560359341728490001e+01,-2.191761073550336558e+00
1.980101826659355879e+01,1.634623397111096921e+01,-3.799655496365868856e+00,1.852553344314711481e+01,1.443572539096628304e+01,-3.510829360967384072e-01
2.117704565629100699e+01,1.602246918183918467e+01,-1.341843788123275205e+00,2.162807862819825644e+01,1.599146732032839502e+01,-4.896236328740407040e-01
2.258843939865695916e+01,1.158097404092491622e+01,3.771310897796738559e-01,2.058697011836299851e+01,1.268298961971595773e+01,4.518195281887348314e-01
2.267359117881886732e+01,1.736318950864635724e+01,5.671104142296202744e-01,2.139747099258647012e+01,1.788066402105700092e+01,-9.773621885584122815e-01
2.051683224336991529e+01,1.334876824115379179e+01,-3.991223386604177303e+00,1.967936709965456998e+01,1.451305634053650628e+01,-3.425449884566951209e+00
2.411762610951391039e+01,1.896871376257872299e+01,-1.282173817877740651e+00,2.315523246583077821e+01,1.581794031009699530e+01,-5.904374146366997422e-01
2.041920728895838977e+01,1.576184539536886042e+01,-3.689769585605256808e+00,1.976983224861550070e+01,1.266194914579212494e+01,-2.554731767784525154e+00
1.876777279694955070e+01,1.799959312282776835e+01,-3.539307536577398494e+00,2.252717202061627688e+01,1.794405541020187300e+01,-3.568558064736083502e+00
1.666593758984049600e+01,2.059803290037451973e+01,-2.535472781132951159e+00,2.052123692325767124e+01,1.901039001602459422e+01,-3.944571633872102634e+00
1.409073664098600709e+01,1.888441425195999201e+01,-2.358893603475260836e-01,1.824123689704799389e+01,1.585582399749441684e+01,-4.880936969988546870e-01
1.618145712125844327e+01,2.234292964121093661e+01,5.780835284088522430e-01,1.883228853498581756e+01,1.638419747233841761e+01,-1.106391785958493745e-02
2.118288535053262933e+01,1.709378055013969444e+01,-7.450261804446303149e-01,2.120568441194619425e+01,1.665189601412116005e+01,-1.814487816533359998e+00
1.932562231868718428e+01,1.685213517076911671e+01,-1.485339095251953401e+00,1.978690728956900458e+01,1.601375578386933540e+01,1.051097996883497254e+00
1.872792801397017470e+01,2.047649455488955894e+01,-4.797370638588108194e-01,1.934725715096765342e+01,1.956693219793984895e+01,2.524509746737890747e-01
2.115338190884883218e+01,1.661315687897851490e+01,2.429069670353831423e-01,2.002818144968168923e+01,1.423772953216308856e+01,6.570509703903384402e-01
1.606337302455083815e+01,1.938373567581142964e+01,6.614702309910994726e-01,1.462714945919611687e+01,1.882227955337395287e+01,4.356640655786068628e+00
1.570529940658116175e+01,1.922745254328651399e+01,-1.402396961272525777e+00,1.702867968131036491e+01,1.992066711441988147e+01,-1.401568962451201550e+00
1.644692920871658615e+01,1.861390335457304346e+01,-2.105134362985286445e-01,1.565087502992824753e+01,1.934445672665338378e+01,-1.538686558373295377e+00
1.848387696462890872e+01,1.749795658314871716e+01,-1.389218807340403705e+00,1.846005294615699199e+01,1.639973352539295348e+01,5.083822277322641581e-01
1.625546730118430361e+01,1.877275074320826320e+01,-7.878507145304252113e-01,1.331356665872710821e+01,1.879017126653345215e+01,2.275735589331452591e+00
1.637396578788150237e+01,1.767489228769161969e+01,3.739346619417924233e-01,1.520902340215089588e+01,1.860341927684137886e+01,2.327511939012799402e+00
1.675877255165687529e+01,1.791039260216263784e+01,2.152029527638457118e+00,1.764059766584410838e+01,1.707519719008929471e+01,2.179690144098976878e-01
1.640610175151363492e+01,1.640951375655497912e+01,2.061593821795082437e+00,1.788110628378411349e+01,1.537665708506220774e+01,-4.790187660295314176e-01
1.636520417807631134e+01,2.052482188165177135e+01,3.391242174875777948e+00,1.896649142053550108e+01,1.665333095588893286e+01,4.252327384612724970e+00
1.652591874848590336e+01,1.881425866030861016e+01,1.980186743076642442e+00,1.773003367312083967e+01,1.659231877762534069e+01,2.875172411276813556e+00
1.675322868724440895e+01,1.902423305803734621e+01,6.051497798178483434e-01,1.622077850045129566e+01,1.949686785785477738e+01,1.996364960654213039e-01
1.921144218889071453e+01,2.117630329711942494e+01,1.915503067308461427e+00,1.946861027165870084e+01,1.721868509727181618e+01,3.232633489058342580e+00
2.030383206239156024e+01,1.805083373856988871e+01,2.889558709294047123e+00,2.044140437811895339e+01,1.636290974040548107e+01,3.130169457035945513e+00
1.946164321239098172e+01,1.880125647429253632e+01,3.663343614998981201e-01,2.047306281382894966e+01,1.838952891510214371e+01,-5.689406466208547092e-02
1.716580014453108660e+01,1.778807898283893962e+01,1.602653234262572390e-01,1.948267053711347430e+01,1.581371451088662994e+01,1.100710327799357513e+00
1.834049770045575656e+01,1.918514167450948804e+01,3.397120836505343355e+00,2.155987715499589186e+01,1.377428492780451741e+01,2.117764670058746024e+00
1.196851280115187954e+01,2.260186755500424027e+01,-8.735110361083538999e-01,1.693040895992595196e+01,1.577655348320078588e+01,1.972377405237290660e+00
1.766361551088019155e+01,1.489100790835711052e+01,2.510715336957713539e+00,1.896709687127655641e+01,1.437959908604527293e+01,1.528295126293875095e+00
1.748870636871319562e+01,1.837300822135851419e+01,-3.460267451483431400e-01,1.772501724323586103e+01,1.698628076967499823e+01,-7.504877284141489024e-01
1.830516076320083485e+01,1.871947848430630756e+01,-5.130399582113157053e-02,2.034154659965382805e+01,1.828262533611815499e+01,9.039685904311033360e-01
1.735897602610697987e+01,1.834495372827955251e+01,3.141055799115859859e+00,1.822022914892335166e+01,1.682526747842548787e+01,2.138851763695263752e+00
1.718828462723691075e+01,1.904982946506589769e+01,2.589506620552853633e+00,1.522774931412149257e+01,1.758317137908538541e+01,3.218013563263863119e+00
1.516241025896903594e+01,1.872778553055379902e+01,2.708738947998364233e-01,1.543655906953820711e+01,1.728298010257075390e+01,1.462389572008947036e+00
1.797194084274359582e+01,1.949235103331399088e+01,3.664583216137133004e+00,1.698108929534419076e+01,1.367325399859563362e+01,8.154939076112994734e-01
1.782876510635112410e+01,1.817017561528219716e+01,-4.853895023322004065e-01,1.838294400308562970e+01,1.958837159338490608e+01,6.575733843075118878e-01
1.784709157653414735e+01,1.101317834452795275e+01,1.400585260187309000e+00,1.940203469773478773e+01,1.162882266750672855e+01,-1.075219527537642827e+00
1.973279007643664329e+01,1.653298681390804248e+01,-5.396556676902054539e-01,1.863482810264470757e+01,1.748724156052210077e+01,6.555437565341246109e-02
1.909209298722835157e+01,1.783756055284100839e+01,2.105848313158492857e+00,1.824185533451046481e+01,1.329559137669704150e+01,2.859816015546728707e+00
1.928971491432697505e+01,1.878991887725798904e+01,8.283813526764496338e-01,2.044894064924139343e+01,1.423345805961163180e+01,1.322353745372523370e+00
1.865686279779159307e+01,1.416792608478672832e+01,3.624619370495295367e+00,1.983395213812508473e+01,1.363976884468850237e+01,4.342274494687586639e+00
1.876945602168595784e+01,1.377718298600442282e+01,-2.321305277224291475e-01,1.942226729706141697e+01,1.493469976322796455e+01,3.994334926994447255e+00
1.799076070650870918e+01,1.364992932862931241e+01,2.541369915143404601e+00,1.965672144290944345e+01,1.705790362113766179e+01,3.663421347032191022e+00
2.091541363716874002e+01,1.302803073018023383e+01,4.728446292116769811e+00,2.130127355267111611e+01,1.756733949374283199e+01,1.011261365707131654e+00
1.913177942365343753e+01,1.622162864168815943e+01,3.790369821348064772e+00,2.035637677211596852e+01,1.741383538934347897e+01,1.946977458445991793e+00
1.616057402791783204e+01,1.380402817213517608e+01,-8.550403415407352437e-02,1.750921719043953573e+01,1.744074872858192293e+01,-1.418869159893206167e+00
1.728944288866004442e+01,1.501220580418079642e+01,2.767933572745515103e-01,1.764409579964898001e+01,1.450680970188875207e+01,-1.969754474961047108e-01
1.760211276886742127e+01,1.715917161224836462e+01,1.905322514308839033e+00,2.057144782135701533e+01,1.487888397114759442e+01,4.939332051224889497e+00
1.814587182299893797e+01,1.245511607475577520e+01,2.920139035538917849e+00,1.934293521350867806e+01,1.368856450018253668e+01,2.156945178298207644e+00
1.683843578919425710e+01,1.758879794352172610e+01,2.817712899396894066e+00,1.791507789213581958e+01,1.412966306870572275e+01,3.289281295919140202e+00
1.962627152487089432e+01,1.426025424753072812e+01,4.218228844663813426e+00,1.782181358730765197e+01,1.738049185334892144e+01,4.207862086677041979e+00
1.731198356512554071e+01,1.341946931765384576e+01,2.985954281037443980e+00,1.844298156699327862e+01,1.498124721278112759e+01,2.464662796453297222e+00
1.872048950425075020e+01,1.428627156964794587e+01,3.098300395525892093e+00,1.517194779919466185e+01,1.364494083298014537e+01,4.811312514688087516e-01
1.832319302210870049e+01,1.477177814890114682e+01,9.574173427397603131e-02,1.602586675982713871e+01,1.428369948629142527e+01,-7.124626568031209306e-01
1.951676496964608631e+01,1.289862064179510881e+01,1.383839217033056013e+00,1.615219690410602027e+01,1.539553895992212595e+01,1.219629414815691870e+00
1.804248398302949141e+01,1.874764317066288655e+01,1.902513792883604005e+00,1.794601380065700269e+01,1.780688353246547706e+01,2.329186094820319575e+00
1.934347234956084094e+01,1.419986263357943734e+01,3.001306374423708068e+00,1.820374362337357610e+01,1.285563173319150998e+01,2.501338121703726269e+00
1.869679832480688120e+01,1.324438673900801255e+01,1.646790564029921855e-01,2.076917417172727554e+01,9.996732843287359671e+00,4.150103220930414061e+00
1.958849311745015598e+01,1.232905999688088983e+01,2.833951868949072139e+00,2.115516031062593783e+01,1.392350874734008315e+01,3.288707004410514667e+00
1.927264958803897699e+01,1.320368169775874279e+01,4.325890899034239290e+00,2.170835888746105624e+01,1.581887958240304037e+01,2.242514054757930086e+00
1.878254160556570440e+01,1.231720529647005158e+01,1.256335488971800987e-02,1.979660549786754942e+01,1.240940655892323896e+01,3.474118406859567632e+00
1.920071481830698090e+01,1.271934006634473491e+01,3.427501591523269830e+00,1.952164680311394207e+01,1.378789366792899784e+01,5.257251724678038585e+00
2.175447001540415215e+01,1.605677403425037753e+01,1.186108104663307072e+00,1.937525430674056182e+01,1.615918235032782846e+01,1.695316909091400426e+00
2.052253664692567270e+01,9.860826028984744696e+00,7.998751283963398961e-01,2.126842139123851538e+01,1.015081150961470868e+01,8.895712992148223641e-01
1.852569136862847188e+01,1.168320756151408801e+01,5.814141121796673417e+00,1.976297493736095490e+01,1.389922883075809246e+01,5.873794566870445877e+00
2.145223884840637396e+01,1.198219316761611175e+01,4.645737410565277337e+00,1.823335979009311103e+01,1.459365007417263982e+01,6.012793091834157444e+00
1.826578504982592221e+01,1.177159106693081725e+01,5.058330352910103578e+00,1.894279396946098259e+01,1.110629818126760604e+01,4.593346465983484173e+00
1.908223755199545479e+01,1.273049374016428636e+01,3.468365860522991895e+00,1.839481818423537973e+01,1.133024311101598336e+01,6.505337078887416524e+00
2.013019654768424616e+01,1.253463395449912987e+01,4.439836601018626538e+00,1.608156702247324787e+01,9.904858569070174923e+00,4.584056115987706015e+00
1.753956095169890617e+01,1.243848478522040324e+01,5.317308228702927408e+00,1.841466804106552146e+01,1.279791951951884066e+01,5.257002981953028176e+00
2.311294117877768528e+01,1.536793761054924978e+01,2.944290985949833850e+00,1.532820145574971171e+01,8.873461867194295749e+00,5.342918887975776521e+00
1.885874049988049350e+01,1.158753325382983235e+01,4.195845933490123691e+00,1.790859612026737224e+01,1.483611574669898481e+01,5.227290524463746202e+00
1.992485232523662120e+01,9.792245541962321553e+00,7.169606778717067641e+00,1.894406609491782589e+01,1.082250110545700039e+01,4.150473988247897594e+00
1.892225839096746043e+01,1.603335814002551984e+01,5.368697053805634667e+00,1.538139817756637484e+01,1.565867982593423058e+01,7.949501855411975626e+00
1.919911956023817368e+01,1.221679899076723785e+01,5.417298442904256994e+00,1.765762409561370205e+01,1.441405782119626089e+01,4.181463353704739205e+00
1.631402528634735916e+01,1.329632002664246748e+01,5.470824493689527834e+00,1.647292405553756112e+01,1.137785306161338994e+01,6.140198146501060883e+00
2.299167422293360019e+01,1.132671680209990761e+01,3.299645012606338135e+00,2.223524678005709632e+01,1.164212442648948631e+01,3.523158138415182439e+00
2.031532569989890291e+01,1.064586418979943616e+01,5.140282697870974360e+00,1.882735290032716335e+01,1.195967087739325940e+01,1.294270577407925504e+00
1.850371251008255058e+01,9.176677179094081538e+00,6.916169134923085160e+00,1.892136420175732070e+01,7.325541752525500883e+00,5.887464656709135546e+00
1.819628838359635026e+01,1.161502407477508747e+01,2.670699736046845185e+00,1.516377036173663839e+01,1.433644793283278140e+01,4.945789732214771917e+00
2.100951772817493435e+01,1.153094811102859119e+01,5.181185968406161635e+00,1.586153763303894415e+01,1.329609125560497063e+01,6.242227818395742034e+00
1.826742718774604768e+01,8.832673009141590370e+00,1.987054196976350662e+00,2.022829181341286642e+01,9.398739314469015227e+00,2.526043548499577351e+00
1.798848205085140961e+01,8.033846137488996675e+00,2.145535025844542698e+00,2.069932340996883724e+01,1.016825462890369458e+01,7.137457764939557636e-01
1.700522457802757970e+01,1.316027856179535682e+01,1.989634108771335841e+00,1.759711901827233760e+01,1.421595725842103342e+01,2.604177723538196432e+00
1.564295536914151619e+01,1.113261534632333394e+01,6.223161622270801274e+00,1.573191680478502441e+01,1.115961572247111455e+01,7.222918637127190955e+00
2.226790335223636674e+01,6.500448967876224948e+00,3.397270655285759666e+00,1.859561909361556786e+01,7.150768988921210045e+00,4.259609596126929354e+00
1.967122375734955497e+01,9.211413242777130250e+00,5.441064386935409836e+00,1.812247706858750362e+01,1.113110074648546366e+01,8.128403699258642590e+00
1.785427166606654836e+01,1.202988286038657328e+01,5.727900417947004996e+00,1.975162641110546602e+01,9.561137618856974996e+00,5.638848488352063093e+00
2.171101221003405968e+01,6.838012239193143493e+00,3.846753811704617831e+00,1.979989028199559797e+01,8.335365112295182399e+00,2.557042890102669386e+00
1.990364647822657318e+01,1.018477918579974961e+01,5.209243268800743287e+00,1.967102459581239415e+01,1.041034767485535006e+01,6.166503395920710062e+00
1.871534542817093794e+01,8.019199426800323494e+00,3.480325672368712819e+00,2.089709329222730716e+01,1.258240109022768216e+01,7.931730393547049118e+00
1.871941252589497751e+01,9.937512492947972120e+00,1.681473358002120166e-01,1.705251962134009958e+01,1.384429913351983998e+01,3.948993212141272746e+00
1.488574691590603827e+01,1.272912169392598436e+01,1.929848529416439140e+00,1.963277935571172961e+01,1.062273299300122176e+01,4.071356316493909056e+00
1.564531250914810734e+01,9.879824296634167169e+00,3.124502372122013760e+00,1.774759589659192116e+01,9.348895091976139327e+00,3.563758569177027713e+00
1.659714447330825493e+01,1.076761255645313042e+01,6.286652583680116813e+00,1.918943762118598428e+01,8.939136598968058678e+00,5.051869636872062586e+00
1.877055547471064756e+01,9.142039258101783972e+00,5.613174266889686237e+00,1.765490170128493475e+01,7.197702200065351441e+00,6.497282042030564142e+00
2.112552142990763926e+01,9.942289269720648193e+00,7.104232943429448000e+00,2.106254640353551011e+01,8.593527075187081365e+00,9.582183167599756857e+00
1.932423866976061433e+01,1.256174773485776797e+01,7.037389631920595079e+00,1.721542388335272378e+01,1.015073360544472969e+01,4.811525934712658881e+00
1.793701996198572957e+01,1.110878387640143039e+01,5.595286031860786657e+00,1.431947890450308769e+01,1.139752352096222232e+01,4.880606547383786520e+00
1.851790696687653082e+01,1.184207966516490629e+01,1.789178055956181845e+00,1.832057997884450984e+01,1.187068805807554561e+01,5.103736712506340645e+00
1.905312574130793379e+01,9.359800986713752380e+00,3.096096775305928528e+00,1.636503407596487136e+01,9.138349229375124949e+00,4.686593457658442929e+00
1.663830434127875790e+01,1.050692796339945545e+01,3.412633703675143071e+00,1.782831857020014610e+01,1.037923184363900830e+01,2.182830320595730456e+00
1.905340035269096788e+01,8.533261690815670875e+00,4.824608371923075012e+00,1.730106564470782615e+01,8.367074913894722243e+00,4.059816828029034319e+00
1.893532958298218105e+01,9.092112043552218026e+00,2.360990043821459494e+00,1.887306027746695491e+01,8.980998103060906956e+00,3.941372715043285790e+00
1.694583095870924438e+01,1.156142453755032484e+01,6.098726382335444285e+00,1.774170579822295934e+01,8.620665608128939894e+00,8.050414286271578845e-01
2.089360332693373223e+01,1.020964231977493242e+01,6.167852094482043412e+00,1.739894454844429461e+01,8.379394898769138678e+00,3.201956758219633326e+00
2.044777860684965276e+01,9.717028050892874802e+00,5.579413697740429612e+00,2.254044798914177150e+01,8.217144948804280702e+00,6.258845991265296504e+00
1.647773381212315158e+01,1.012070380388364477e+01,6.280948674209479776e+00,2.127656338757510923e+01,1.197917589992390042e+01,5.358030236105845390e+00
2.044973445569046078e+01,1.275360130913985479e+01,4.189601650674075195e+00,1.799644607065661361e+01,8.641173279254587669e+00,2.552619860718385869e+00
2.037141251354663751e+01,9.251739548256697532e+00,4.788482948746438872e+00,1.894930781073095361e+01,9.066407615756917338e+00,5.673703098293829683e+00
1.659523639421550101e+01,8.799375889057174049e+00,1.538919967666885436e+00,1.578107241100282643e+01,1.088172788493037402e+01,2.685679090216079423e+00
1.699731028117307119e+01,1.064050184655003584e+01,2.826530208209469208e+00,1.704170674246102024e+01,1.263599380368845715e+01,3.019780706018815319e+00
2.044752487034640964e+01,1.075219859432375991e+01,3.133868155790533461e+00,2.073970638076050932e+01,1.268163582655956390e+01,4.576590198856071545e+00
2.267749823733688075e+01,1.272418378469851774e+01,6.237881517079026494e+00,2.061540947042965755e+01,1.293958257039649418e+01,4.918503544215792722e+00
2.222008984489395900e+01,1.134917297465080743e+01,2.967688440784988391e+00,2.293365738985831470e+01,1.507140124546259941e+01,2.224312193707831398e+00
1.809322760773055805e+01,1.103462814649664558e+01,1.499895615370738344e+00,2.007943571591972542e+01,1.051593898860530985e+01,9.465316503305081230e-01
1.860008431662196315e+01,1.144077514622996361e+01,3.533956989715913100e+00,1.926591408709785114e+01,1.169875828222896175e+01,2.282029856681070168e+00
1.935124561325666548e+01,1.101189480824437261e+01,7.777138298605064115e+00,1.749405566766085229e+01,1.129383552453499107e+01,6.746506233164085486e+00
1.786030256717136311e+01,1.032978069245216091e+01,2.844452790295346922e+00,1.752457433049675117e+01,1.065226136208183405e+01,3.335058057841572943e+00
1.945431307428663459e+01,9.370949172473556743e+00,7.858860624853520882e+00,1.980221166970619606e+01,9.901582429947605846e+00,6.198295124802216449e+00
2.089615703950966363e+01,1.098682702399933753e+01,3.394679421578801204e+00,1.936461054742003896e+01,1.285398140837905068e+01,3.743130086713136961e+00
2.021030917275196614e+01,1.139910675304341225e+01,1.056309404070295388e+00,2.066712318099609647e+01,1.306193893957473939e+01,-1.485659506413433140e-01
1.917594841679144224e+01,1.122281631960385262e+01,2.107828877514818622e+00,1.922142711636787737e+01,9.626713570594150227e+00,3.521846679862367324e+00
1.820118588710322882e+01,1.214020470746014091e+01,6.128960680882594936e+00,1.845119026894465719e+01,1.289284395258260396e+01,2.637005181380816410e+00
2.333756870240385695e+01,9.514101541183093147e+00,2.033843314545683345e+00,2.261163354721763241e+01,1.065615714715355367e+01,1.993154191805437847e+00
1.993353128622890225e+01,1.115867452954648975e+01,1.378358978558310799e+00,2.245758247743269465e+01,1.282158672686202472e+01,2.284108395789332668e+00
1.935994270776074444e+01,1.269950863769970262e+01,3.199987324100268538e+00,1.948622588224475649e+01,1.318311100383960799e+01,1.597883153637023046e+00
2.514330642462824628e+01,1.002540127175172735e+01,5.492311344692738517e-01,2.005033447470086116e+01,1.258316802879670249e+01,3.519712484142739850e+00
2.031860912132713182e+01,1.250172724244429290e+01,1.314528057453894228e+00,2.095696415674208168e+01,1.211685924126365421e+01,1.139928266751725205e+00
2.017299603503800753e+01,1.237349962920693258e+01,2.972620832790765721e+00,2.151726541328588382e+01,1.265373259374158188e+01,5.508456220513544110e+00
2.398004313521418851e+01,1.423205135783309494e+01,1.576332323900114574e+00,2.214222615387577164e+01,1.296256282752496602e+01,2.735257901713334494e+00
2.020262507306825128e+01,1.133994522984954223e+01,2.547230197294856779e+00,2.078855398628333973e+01,1.452825234908797292e+01,2.205962810717611244e+00
2.176894968151614052e+01,9.200279842034795763e+00,2.913937169647771164e+00,2.315110952159391644e+01,8.312982032826532475e+00,5.515373041454344483e-01
2.009625988500656746e+01,4.835358566350753229e+00,4.947062481479630236e+00,2.253423469399417911e+01,1.526937975522084123e+01,1.378707152971554217e+00
2.421213266257093011e+01,6.610920705334139669e+00,2.098260983886929054e+00,1.856635217177681341e+01,1.354536716069487490e+01,1.456127456892021499e+00
2.462597721982433541e+01,9.003624669992158047e+00,2.504575290290352640e+00,2.619696703323576514e+01,9.523281990043908962e+00,3.071757280368035747e+00
2.010032400435476774e+01,7.454046164161025168e+00,2.611413089418520794e+00,2.148082904437363538e+01,1.392739754300389698e+01,1.923514394732961375e+00
2.947680792639796366e+01,8.079560582695508586e+00,2.344601519513895393e+00,2.498999707035741125e+01,1.005194714090314712e+01,1.326951235204890112e-02
2.316708635753912660e+01,8.869676163380347589e+00,8.915079626367906629e-01,2.440643878710210046e+01,9.229306629385284566e+00,4.313608169819104776e-01
2.255671202713878642e+01,7.199922533992805462e+00,4.158785553691990877e+00,1.905914394532909739e+01,1.374551018679668424e+01,-1.978960640558465878e+00
2.843492785996638261e+01,1.012723615621427875e+01,3.357177939045213666e+00,2.764724168240075031e+01,1.179021270527105258e+01,3.200904101188528195e+00
2.518665962611716935e+01,7.854786630351049403e+00,2.731625406093476371e+00,2.468423662665714957e+01,7.574997612146986192e+00,-8.179313380860877558e-01
2.565255714521698494e+01,7.937558367348810151e+00,3.940178285999039520e+00,2.531576204435314636e+01,9.379795492971974014e+00,1.728141053488209788e+00
2.795826802655428622e+01,1.218936619045246772e+01,2.691007809983900323e+00,2.555086585684943756e+01,1.309011291901670226e+01,3.732334877684252206e+00
2.258977780284611470e+01,1.262610977022578318e+01,2.669875023268529102e+00,2.460591693547851122e+01,1.095504111790756596e+01,-2.291997536707091943e+00
2.661870986609546463e+01,1.273700608568005599e+01,1.050809855156377592e+00,2.745934157154154676e+01,1.083405604481213125e+01,7.977775830406774737e-01
2.565311786407437467e+01,8.904918188313821759e+00,4.981111303487938180e+00,2.314619608363642200e+01,1.003841171260807918e+01,-5.654767621778864495e-01
2.347080954768377481e+01,5.913707201155137483e+00,1.038325094308332197e+00,2.287914065824165988e+01,1.614962215104590371e+01,-3.479962898113538206e+00
2.654550845688921612e+01,8.407567861246340257e+00,2.206809107308738582e+00,2.640174991833401208e+01,1.163371046106110818e+01,6.433980133088301745e-01
2.295863155570807734e+01,1.335631171308769360e+01,1.518256366370576815e+00,2.519146446724381860e+01,1.245856681706288605e+01,2.609914221189735817e-01
2.552677684299634109e+01,8.185807885729962763e+00,2.534067123243047281e-01,2.660650103847290282e+01,8.450124563292606084e+00,5.804584204246435730e-01
2.770181583993226226e+01,1.121960098418937690e+01,3.479776237426600360e+00,2.474290764408663534e+01,8.437603079266178696e+00,-9.120577394644532321e-01
2.622629404323744140e+01,1.216370842689175014e+01,1.007227618073848419e+00,2.493820680571948856e+01,9.072563325381704402e+00,-2.271002778678687051e+00
2.781461699708968283e+01,8.431820462921654880e+00,-8.288437058656885625e-01,2.692283184627491721e+01,8.198321610126948045e+00,-1.492660746861292687e+00
2.513224195703459074e+01,9.931447817724263771e+00,8.208579671587442617e-01,2.675379309287203000e+01,1.114284357677849258e+01,-3.381393997991360312e+00
2.386444331270833175e+01,1.019666940736808947e+01,3.875501931699962821e-01,2.672643627784040987e+01,8.793073786922752433e+00,2.513809090664000490e+00
2.396739743593867900e+01,7.458696980821524214e+00,1.285612927982871412e+00,2.475692539354929167e+01,8.450823611952996472e+00,2.515073833777293766e-01
2.607479273356438654e+01,9.151704134598132256e+00,1.484525078284120392e+00,2.348447629851706964e+01,6.945240717924729523e+00,2.099490284056898748e+00
2.403665921630410196e+01,9.000145097903107683e+00,9.763982150932331017e-01,2.277588120930245807e+01,8.798695023702327589e+00,3.138931375414700797e-01
2.745173439275621519e+01,6.953705076671399254e+00,3.443209033478607850e+00,2.882163262143825833e+01,1.042340732671559778e+01,2.520292323654841349e-01
2.257996479870996964e+01,1.230882395534047191e+01,3.341138538884863007e-01,2.775027504824047142e+01,1.013508570292483668e+01,-5.931463152025993057e-01
2.333866907130133939e+01,1.058437441455355632e+01,2.802478513232021573e+00,2.429692627471737154e+01,1.015542788795508145e+01,2.323846575153034610e+00
2.325371621319127158e+01,7.881956865692224312e+00,1.097885164573625394e+00,2.803238341646967413e+01,7.695034018214490068e+00,-2.845616070141979037e+00
2.673664584387313070e+01,1.166230268932452141e+01,4.089176673447874499e+00,2.781215422050548014e+01,1.204919531027109159e+01,-1.392418806859773983e-01
2.340953355410313108e+01,1.027652890197669500e+01,-9.832432389463369171e-01,2.927642250446255190e+01,1.107091759913744156e+01,1.360497973345814807e-02
2.204577969311069197e+01,4.243705976007575487e+00,2.619576475339166599e+00,2.675806707072647583e+01,4.459266979095854566e+00,4.482965152688048738e-01
2.078820097344584283e+01,9.082185355420129724e+00,3.204861352322462942e+00,2.468162830054144763e+01,6.821180151882006548e+00,3.273234111181668737e-01
2.371670154988193246e+01,6.403753381803384492e+00,1.016049409451736940e+00,2.635854234309784871e+01,8.906544487923699904e+00,-1.219761121416656213e-01
1.822151181276191068e+01,9.249294937530505578e+00,6.561611660039458060e-01,2.115977797315481368e+01,1.158967969075425408e+01,2.755054565559930335e+00
2.506795639799525688e+01,9.081584105192153089e+00,-7.979316172540846797e-01,2.564250322264098259e+01,9.497944279723487426e+00,1.756185908684479546e+00
1.906111736006097956e+01,8.310222568558515377e+00,1.915080336874656730e+00,2.622528986697930264e+01,6.527709052295348258e+00,-2.451609719026683620e-01
2.501860885457972117e+01,1.054457147720304810e+01,1.616489477786769546e+00,2.535386545132496039e+01,1.175363174659164045e+01,8.697393120173462222e-01
2.408404155282986281e+01,9.647974614103901558e+00,2.166949493067162003e+00,2.644157819467169901e+01,7.967285832730406803e+00,3.598093690139066769e+00
2.445858845354835509e+01,7.243381917631565692e+00,3.461108853681032826e+00,2.426748490809992731e+01,7.680011017966407394e+00,2.458050752907790848e+00
2.289532210793633382e+01,9.737897924337120870e+00,3.364563572761940957e+00,2.672820093500907745e+01,1.295539173359757434e+01,3.501608104713110237e+00
2.844994262892235781e+01,4.234818565178981586e+00,1.265930070180196321e+00,2.491619437816799021e+01,8.463492832232118346e+00,7.365486053449118442e-01
2.655988768349411799e+01,1.069749450309450012e+01,1.562058784336731176e-01,2.713451155715663532e+01,8.284138101867856818e+00,1.387704685893287326e+00
2.653127023933737760e+01,1.216049454371230709e+01,4.569157390157849719e+00,2.315179560490909338e+01,1.386467863175756499e+01,6.575749852312459787e+00
2.644304088949072806e+01,7.721583445523483746e+00,4.076567210261309526e+00,2.888381235911777623e+01,1.091583299162454779e+01,2.212819814442027244e+00
1.960203605080748090e+01,1.129978413082031707e+01,2.140415924298601613e+00,2.205787229925222093e+01,1.261660792363905514e+01,1.333665512240447049e+00
2.137119451771543410e+01,1.012259831414529998e+01,4.159978769576597735e+00,2.286469349538524298e+01,1.101271743705425088e+01,2.581286943333430006e+00
2.606031230257222475e+01,9.045712349543380881e+00,4.965967752835999782e+00,2.461394868516438805e+01,8.638927629575450240e+00,3.421005907051015704e+00
2.564574447511363431e+01,1.241865760130060181e+01,6.994418294465779562e-01,2.312074017909379009e+01,9.468738343041509964e+00,5.387390539500466424e+00
2.351896182428820836e+01,1.087790292487131083e+01,4.751278801872829582e+00,2.717908651582060386e+01,1.610823534455535366e+01,7.023211776337891621e+00
2.395512735999278675e+01,9.922613112913083455e+00,7.679899804992341927e+00,2.607567938836061927e+01,1.279086097997071114e+01,6.588417919230376008e+00
2.397212861774580972e+01,8.111308289854225251e+00,4.114332490008376197e+00,2.627257654474981763e+01,5.658056654727528390e+00,2.449780722634821384e+00
2.731898526295036334e+01,9.650771183989155233e+00,1.227699748187983664e+00,2.646492713210160730e+01,1.159035853956155648e+01,3.724712773993724468e+00
2.401120871152720682e+01,1.138260332177819301e+01,2.938946555234794644e+00,2.304405333589571470e+01,1.258407070962907959e+01,1.789708721610816511e+00
2.662173630506411115e+01,1.117425366639144357e+01,3.872244084633576389e+00,2.490793954214825945e+01,1.157227735528710966e+01,7.439854615021812556e-01
2.559789038348102963e+01,1.243348820680973432e+01,1.203129231214100647e+00,2.695880934367253090e+01,1.121137599267218299e+01,2.093434953011642230e-01
2.564581413983441394e+01,1.149685817187929793e+01,1.927951514969238556e+00,2.640203420600277440e+01,1.118790077135728289e+01,1.840251413487858034e+00
2.763796969773666135e+01,8.978880301511914297e+00,3.845650868175837012e+00,2.867374104257713441e+01,1.174083879600877545e+01,3.251396377191310805e+00
2.766866633400364606e+01,1.276884318875899815e+01,3.241291010620110047e+00,2.771871169611565122e+01,1.216929540232357176e+01,4.298764376303251922e+00
2.676899193082658712e+01,1.051034073985471728e+01,5.457744636025418039e+00,2.834921712519366466e+01,1.167893758095462964e+01,3.224001141761130285e+00
2.503176531275857641e+01,8.853487970729837286e+00,-2.705914836359587516e-01,2.557433969284970487e+01,1.075184796256133879e+01,1.705856596394478286e-01
2.691608085904553249e+01,9.989756930944022173e+00,2.540724823189367765e+00,2.899998913433026715e+01,1.120464230522629379e+01,1.024127562289351756e+00
2.553675778985584088e+01,9.910785157440779258e+00,-1.777317130327301653e+00,2.579419169794493172e+01,9.935929548619208518e+00,4.429665225973329790e+00
2.246850623636553479e+01,1.167863210266066432e+01,2.112360756072775736e+00,2.806217913335693837e+01,1.190562380395721043e+01,-1.991381239534283143e+00
2.414361917629044996e+01,1.066386261872129815e+01,3.381496862655466895e+00,3.097724506158327173e+01,1.262837996055286816e+01,4.493732076205069426e+00
2.486707558633405313e+01,1.225680779734928016e+01,7.214148341021466848e-01,2.474493563167247245e+01,8.619632290682250897e+00,6.187776913906992249e+00
2.866552121577517909e+01,1.030784652261930390e+01,2.972890084166851299e+00,2.437810858550189153e+01,1.073879570372529813e+01,7.252792584975216172e-01
2.458677427078743705e+01,1.317771734667239869e+01,3.481010639115630578e+00,2.627523076501412191e+01,1.310399695485475569e+01,3.232238464795426314e+00
2.506192133777078013e+01,9.111487968803574589e+00,5.351336424358578370e+00,2.495964845365195117e+01,1.208957409812332884e+01,5.144288142375995854e+00
2.824166940446704288e+01,7.596513719317020019e+00,4.012365605689740988e+00,2.915475623788327297e+01,9.988541868400536927e+00,5.496305316967396770e+00
3.100336859438899140e+01,1.166470334894582450e+01,-6.167804371540820396e-01,2.956173994907043223e+01,1.033389257826584640e+01,1.313654220914986626e+00
2.784941453294185720e+01,1.374237372187477391e+01,1.100483226148637028e+00,2.801852723919033750e+01,9.854005352117503946e+00,3.064397666049929470e-01
2.901115736291254166e+01,1.248367849759301151e+01,2.911685469572245388e+00,2.689804650269426389e+01,1.210815566020306022e+01,2.404015085554078279e+00
2.857488165765346011e+01,1.122574303971771315e+01,-1.211079665521483939e+00,2.989614248501964511e+01,1.222082954307104430e+01,2.596377645328267647e+00
2.767131739692139192e+01,9.060691002211969547e+00,-4.617526289987601285e-01,2.746877565704449253e+01,1.208462505354558836e+01,2.530040360288666967e+00
2.900235921735108846e+01,1.203346619679322949e+01,-2.173745538879456596e-01,2.910411655771141071e+01,1.200673154963319433e+01,1.612525091904902785e+00
2.803556795003508739e+01,1.173078953533073943e+01,1.943065749979460577e+00,2.866511242263963766e+01,1.024208512128674897e+01,-1.083017090739980981e+00
2.965409073332845225e+01,1.044252378278197035e+01,1.066916065831571059e+00,2.528133492896161627e+01,9.115429471197781908e+00,-6.936903710380603050e-01
2.863557557519033026e+01,1.002485299272741237e+01,-1.027894733254475668e+00,2.999708703809541177e+01,1.180785145400772862e+01,3.194961379142421953e-01
2.869525174877516704e+01,8.621115458592813141e+00,2.724289324127776801e+00,2.872026778256833524e+01,9.648320721109881148e+00,3.398741440269145819e+00
2.554148392334550621e+01,1.124102418817894211e+01,5.703643066920471849e-01,2.880868104614209457e+01,1.166740555435435844e+01,3.009747079130614122e-01
2.759753317006628137e+01,1.156950195972832596e+01,2.644484310025718710e-01,2.744124508611184154e+01,8.850234463347117497e+00,-1.221511274730857632e+00
2.531717945609984355e+01,1.116242468215571471e+01,2.488443531653414365e+00,2.404659349737895724e+01,1.189366707355531894e+01,1.387940639289019229e+00
2.581342676868361963e+01,1.310357492414891922e+01,3.456074579173328498e+00,2.444372645809438893e+01,1.109093040559176302e+01,2.185943766506737607e+00
2.400875162037901944e+01,1.061482196483852114e+01,2.471628251815071842e+00,2.547861664356677736e+01,1.050551441791510854e+01,-9.086946675761782277e-01
1.986791251471421660e+01,1.075607161292234082e+01,-1.412270954468697104e+00,2.347755912297455083e+01,1.087902282907911911e+01,3.536055603542251013e+00
2.738435181336783231e+01,1.327277886752810510e+01,3.514619181684777605e+00,2.435876773540923779e+01,7.412336995707851095e+00,-1.089511400423891052e+00
2.563759208880872009e+01,1.103931546521045881e+01,3.078909458614194961e+00,2.599335533004977705e+01,1.006409208295829671e+01,2.884304954946061539e+00
2.340018202814103532e+01,1.031304258579056921e+01,3.628808934247056861e+00,2.532778983955776653e+01,8.458630718065419885e+00,2.918933033871828453e+00
2.405925874973614853e+01,1.125349666453990238e+01,2.144400653635071263e-01,2.636005652964444224e+01,1.019897506829025779e+01,5.493409996882918644e-01
2.406603329476136466e+01,1.066994436542947433e+01,4.034243582522937466e+00,2.275496063416042603e+01,1.172472430699806090e+01,2.747353588879695607e+00
2.475992551804963426e+01,9.977780821274988554e+00,-4.758995301038636550e-01,2.465266336451990270e+01,9.869736644481015730e+00,1.095400034784659582e-01
2.626266181468727368e+01,9.352951730645552075e+00,1.716001309896182159e+00,2.613479263168459710e+01,1.110396502482733538e+01,1.093081317872230812e-01
2.357346314072882265e+01,1.396571258038858154e+01,4.147662446109981360e+00,2.481916977858094242e+01,1.390885056152505150e+01,4.023314989489012561e+00
2.394324575214264428e+01,1.081754252872144129e+01,1.415722581531393187e+00,2.699248715520655395e+01,8.645439329660330685e+00,3.381089046163646472e+00
2.551125535238808695e+01,1.111582157804297921e+01,-2.603132914832529954e-01,2.361142006739763488e+01,1.106178246566073398e+01,-1.493406763344691690e+00
2.336916680309765937e+01,7.697773644875114840e+00,2.047162531570443367e+00,2.622598684174403161e+01,6.639234765403998040e+00,1.233722851361730571e-01
2.573767093629295388e+01,1.070262548452824269e+01,-7.723246910862631154e-01,2.589510201815370394e+01,1.232006514235640005e+01,-3.176926369568336961e-01
2.383412924258587040e+01,8.978057609653685489e+00,1.142969143545508715e+00,2.832331856851547869e+01,8.514375194841873551e+00,9.485152929811140332e-01
2.307581509500112205e+01,1.017424662537970370e+01,1.061531522118700277e+00,2.439490721041606491e+01,6.760227075617221359e+00,4.398658107879763079e+00
2.502848007307229494e+01,6.454811665724673020e+00,2.015917114606823990e+00,2.487239285510954190e+01,6.107367210928045687e+00,-1.748715103449739461e+00
2.467484375585462786e+01,7.964027952862995363e+00,1.269588507016320200e+00,2.501921518027488034e+01,8.635533452528303400e+00,2.246392831787824562e+00
2.834722285435627853e+01,1.189440201564840827e+01,2.655101117798229549e+00,2.867816681273409429e+01,9.761464926975651935e+00,7.273414202635047232e+00
2.482865105336467337e+01,8.118451779080441355e+00,1.854288173720742394e+00,2.743905051763022129e+01,8.352243109942612875e+00,1.517478866866335263e+00
2.286837854433676753e+01,1.227525964748743981e+01,2.931437167330735338e+00,3.025436852928905651e+01,1.359907884578325543e+01,1.947093321436949687e+00
2.542234348592845805e+01,9.417932654708426554e+00,3.900957103762094924e+00,2.425132430106923564e+01,1.004237281868117648e+01,4.854780671549022486e+00
2.190524628097252346e+01,6.572718990137808248e+00,4.742704386354184010e+00,2.640208425579973550e+01,6.294643856338915100e+00,3.870572032139901530e+00
2.419662372342362033e+01,8.080541168912951377e+00,4.692075341195637961e+00,2.357390368610064613e+01,7.393645929814171680e+00,3.584479395058135953e+00
2.513359068207161684e+01,8.319718421325609015e+00,2.987635036578055292e+00,2.565566039121332764e+01,7.276894288708405156e+00,2.814100761136818285e+00
2.470860297796637539e+01,7.494427109461690328e+00,8.212416391752711320e+00,2.252187014368319495e+01,1.220730764163794113e+01,4.092165941210054392e+00
2.595215009476332213e+01,6.919981252126397031e+00,3.865258172336878850e+00,2.662619065814215702e+01,8.010451536846796117e+00,4.102550826326525346e+00
2.275827593534977922e+01,1.096701640196790528e+01,6.860462941502496470e+00,2.583379998912108277e+01,1.010570152104964592e+01,4.408857382433423844e+00
2.856002620099782163e+01,1.087283894826203756e+01,4.241256165207958340e+00,2.895471647815261207e+01,9.879682947358256584e+00,2.761509740183645256e+00
2.785590083878410894e+01,9.262146659313147623e+00,6.560425923199669107e+00,2.986676081660278115e+01,9.276035381183802997e+00,5.137218962254286758e+00
2.279008041621293756e+01,9.426122902329655773e+00,3.195105967258585089e+00,3.103592361044455927e+01,6.772830009071308943e+00,2.074839517140264267e+00
2.457027921858589181e+01,7.733956497272296282e+00,5.732324515694116940e+00,2.465972289889368696e+01,8.569623053939986690e+00,5.506914990777373120e+00
2.549149148021930245e+01,1.079173808320324213e+01,4.029760717271712700e+00,2.411491157150875608e+01,9.922501942478984205e+00,2.659724140785962199e+00
2.544389383862549536e+01,1.216368985190226404e+01,6.094046027516236030e+00,2.525275799991662851e+01,1.230760005318845351e+01,5.863387036047559953e+00
2.527471777660379004e+01,8.754058402185473042e+00,6.360064816420843314e+00,2.552661912982414805e+01,1.016531748597989449e+01,6.196955828896138385e+00
2.737268913268384551e+01,1.109653047215901900e+01,3.055522407948597419e+00,2.543177973325990138e+01,1.299776279441291216e+01,6.042645465146663675e+00
2.519929696744468828e+01,1.035519116067112755e+01,2.884806817881291341e+00,2.431722368969815307e+01,1.041449722062348648e+01,4.540023568089917028e+00
2.568229001963206315e+01,7.784065581391859112e+00,5.441532299685257534e+00,2.676616595902076767e+01,8.061272821375254694e+00,4.904453139484918900e+00
2.651619600533700449e+01,7.904003831339531772e+00,3.197440420026056440e+00,2.575363026471576333e+01,6.002370525750468921e+00,5.005976593409021902e+00
2.473958464845240712e+01,9.165944336640041712e+00,7.814040963581090793e+00,2.833212991940772696e+01,5.805882812883303323e+00,7.301579610672731313e+00
2.531640471056676844e+01,7.073643342213869367e+00,2.695266282874249075e+00,2.601247083224574297e+01,7.448017388850744602e+00,5.462173299505674429e+00
2.541120718486307339e+01,6.652979747931738075e+00,5.900583422701598302e+00,2.334898207042988361e+01,9.837968875524222057e+00,4.720844760741022661e+00
2.687175952661945644e+01,7.988886253441378926e+00,4.374272238890205777e+00,2.559725880999405945e+01,7.510373698583896918e+00,6.725624766913397501e+00
2.618563668795303911e+01,4.661401891467377823e+00,8.201270815838908490e+00,2.605533652751108065e+01,5.155999587016040664e+00,7.409008647620583865e+00
2.762559020207905647e+01,6.577882906950957675e+00,5.065466324233461215e+00,2.871087676448168224e+01,6.945043220049433863e+00,6.565002453880958377e+00
2.707704345947898616e+01,8.418361342867093811e+00,9.279687269101717817e+00,2.361768101288671318e+01,7.374887264496879702e+00,9.993545856098847935e+00
2.457345091683167482e+01,5.124011211223097995e+00,7.413879633281521109e+00,2.583779470736033090e+01,1.050838983021494677e+01,8.069820255289869237e+00
2.840066675154767850e+01,1.206975105995282860e+01,9.599669785217111340e+00,2.985139012623312738e+01,8.448795914147121167e+00,8.398129452696018404e+00
2.674001116440954817e+01,7.847793327974381228e+00,7.461523641998778267e+00,2.712506817239746937e+01,8.466246024212473742e+00,1.210723281259823914e+01
2.848801631479797791e+01,4.457206709862112426e+00,4.250192297477690673e+00,2.913520045065300579e+01,6.958916695130184848e+00,5.641466073903879774e+00
2.683529160404858516e+01,5.352003144405952817e+00,7.845738732825155992e+00,2.810847569468394980e+01,7.162086168130975317e+00,1.030048206488325135e+01
2.712592371259537671e+01,1.297756820063056971e+01,6.435505284622562883e+00,2.808517592269407359e+01,8.186205027625479858e+00,9.158987308046521392e+00
2.827788976486964145e+01,7.085038056403088369e+00,4.825212716861231321e+00,2.755866541540049042e+01,6.921865129608812062e+00,8.207708855983366192e+00
2.930892874648098712e+01,7.294736733827609676e+00,9.846327592680905738e+00,2.946306943445432935e+01,6.418459720147938974e+00,1.074545504934640050e+01
2.465103838415135229e+01,7.948986544123145315e+00,5.549737194378357330e+00,3.025325328229556021e+01,5.838048093967098673e+00,6.508684577735387222e+00
2.738137451975639181e+01,6.752065789210462299e+00,5.206756667185581833e+00,2.899206566554669706e+01,6.102604597924377039e+00,5.968474289427485147e+00
2.628922777730050342e+01,6.494510646428806488e+00,6.836477123482832319e+00,2.928858651166114768e+01,8.527147728904429513e+00,9.641197419649742528e+00
2.630322511864454427e+01,1.005798333417253865e+01,7.994945093374475675e+00,2.459230486012652150e+01,9.345241191528982583e+00,9.678337513161389793e+00
3.020312433662746088e+01,6.797433267726534112e+00,1.012342100709390991e+01,2.653449452305988743e+01,9.820595047115434184e+00,9.150842523849453514e+00
2.487992999154284846e+01,7.188410624636639490e+00,5.715073180631065064e+00,2.450554195023696380e+01,8.340275794086798200e+00,8.893562535919111056e+00
2.807627208009465392e+01,9.474075486324862183e+00,7.471989779070619342e+00,2.700194035516486224e+01,9.988131443322295411e+00,7.624578226838861994e+00
2.677267523754400003e+01,7.337685767740062204e+00,6.803052021789479653e+00,2.859665322977286195e+01,7.712603335900101165e+00,8.344194097333895499e+00
2.543274581673350809e+01,1.155711799822181263e+01,9.614801132265991868e+00,2.863748797510755040e+01,4.389062478157701008e+00,8.778391171408781446e+00
2.702325113589249383e+01,8.590918648634552568e+00,9.888345271943579817e+00,2.682514986619841935e+01,7.812470253384688590e+00,6.942975720091737912e+00
2.494354197906700676e+01,1.033774016167026844e+01,8.908313388114590836e+00,2.441954250241238356e+01,1.072525350721335258e+01,9.423318107316658754e+00
2.727888847483429657e+01,8.217432031267479786e+00,7.179471116279422027e+00,2.690447730055948483e+01,9.239245092000837545e+00,7.237246376457364683e+00
2.906186061324364189e+01,8.131060693931255301e+00,8.864732425901944879e+00,3.083074307021025362e+01,7.792419358183067857e+00,7.384282064455451433e+00
3.132519792604913178e+01,5.899094241115923509e+00,7.130293783574682465e+00,3.020821277793662318e+01,1.349423495929746508e+01,8.743776454562002698e+00
2.856498187281196266e+01,2.713115654577062941e+00,8.094519759399098291e+00,2.462666183429244171e+01,7.431787797371359972e+00,8.278417628097482606e+00
2.549858436182212174e+01,9.222362728351537697e+00,7.418114883464390630e+00,2.674986650848069303e+01,1.035170616936654397e+01,6.236745133374449246e+00
2.875973284690520870e+01,7.685913913359949667e+00,7.826196323213092221e+00,2.990580898204010296e+01,5.309478657827315651e+00,8.629658211621995534e+00
2.890085177024584340e+01,5.884664838357644534e+00,6.353904194725693344e+00,2.852377358387524708e+01,5.085820258863078536e+00,9.090756460837321029e+00
3.143030198259087271e+01,7.321071413170910702e+00,8.679359152206922445e+00,2.892377970921042163e+01,7.042885780774801319e+00,7.339074650057747284e+00
3.099227830586852406e+01,4.725130393284748820e+00,2.588731306395087195e+00,2.827147724910202697e+01,7.769989995918283654e+00,6.413408209788419079e+00
2.635247807683420618e+01,6.435943401520823670e+00,8.761946023785911919e+00,2.817011887915635171e+01,7.452969871701448312e+00,8.982307201326495516e+00
3.022232677264328160e+01,6.640918023742678145e+00,6.997417032630610656e+00,3.076689950406406027e+01,6.180691382469491124e+00,1.007896810451308056e+01
3.052133840702748202e+01,5.838144777768412119e+00,7.030965267409419184e+00,3.286768006739201553e+01,7.616236271933152224e+00,6.259219861378756633e+00
2.774767999207503166e+01,5.599641721357821567e+00,8.639133880875254690e+00,2.844901801763797522e+01,4.612413362079722745e+00,6.604036595412826394e+00
2.993532839543718538e+01,8.454352578715448985e+00,9.201154254132491772e+00,2.738510091967098248e+01,8.059185528175575541e+00,6.705884005141816040e+00
3.333080680724786760e+01,4.598251891405644720e-01,9.332306893641780121e+00,3.034916345480321453e+01,2.074636213836831722e+00,8.686207372726366671e+00
2.816346745888548853e+01,5.431249853686483497e+00,9.931769443254419016e+00,2.840720840019758953e+01,4.865283471902238865e+00,5.610188616935989359e+00
2.793610508552606575e+01,9.247648232306570293e+00,8.538441403150020648e+00,2.866186398515667832e+01,8.037360921629217003e+00,1.019714624687811622e+01
3.173678558046777809e+01,4.027417148839889549e+00,8.485363502131837876e+00,3.157057698911691901e+01,4.570111594990933668e+00,7.396759385822980981e+00
3.184988368098500189e+01,6.746136352438034223e+00,1.178137876505256898e+01,3.172548405150438455e+01,5.913475835927936686e+00,1.105782494407882943e+01
2.808628073845125073e+01,7.045252333753771801e+00,1.070006130155130641e+01,3.211165939842827299e+01,6.763501689115899218e+00,9.192195877710272356e+00
3.027617934989746118e+01,4.404173667904193401e+00,9.434208750492388162e+00,3.161773650138195890e+01,5.322202646411051674e+00,9.691582146307922585e+00
3.364878393745387086e+01,6.149923106667547934e+00,6.173277273237546936e+00,2.982996159376277845e+01,3.109536887796723992e+00,8.400553377600738614e+00
2.832754188163488251e+01,1.272317145306452790e+00,1.101440491658567744e+01,3.089318875218370408e+01,-1.377453023034698335e-03,9.720226679194366781e+00
3.251781833568708890e+01,1.912925651770762681e+00,1.048838018744206479e+01,3.092508438571963936e+01,3.264435052234361256e-01,1.073486481316997221e+01
3.408745912820237578e+01,1.604041136000428081e+00,1.081036903252766557e+01,3.106103183354293762e+01,2.918347260832133916e+00,8.696525989570105253e+00
2.974308973638235543e+01,6.618864162765843773e+00,9.826440787401134358e+00,3.057519297307058181e+01,5.322618446992980701e+00,1.098535478794547515e+01
3.309552253071488792e+01,1.491576184548395023e+00,1.050067722779446378e+01,2.869558241050476965e+01,3.941242672271324299e+00,1.234207983970872746e+01
3.402901278687047437e+01,6.928826430215720755e+00,1.161617779498259750e+01,3.199946238634542794e+01,4.678369419258025630e+00,7.829502300634460177e+00
3.246033045805297945e+01,-2.773286564860954484e-01,1.145635034733620827e+01,3.070772191568804388e+01,2.295576279310147516e+00,1.101532735824344478e+01
3.471061379433817251e+01,5.516082827805636413e+00,1.115508003961501338e+01,2.971271480718644753e+01,2.173852897948070684e+00,8.274240460194972613e+00
2.940549451107557388e+01,5.895080342923701089e+00,1.214733080109060026e+01,2.996614202311307551e+01,7.881547600514948293e+00,1.229400443667153198e+01
3.347034920912849998e+01,3.862117461356008974e+00,8.065358204535176156e+00,3.271117093904621242e+01,2.880534010306803783e+00,9.663932299144235571e+00
3.145478983209304147e+01,5.052822434035657118e+00,7.749166144322008343e+00,3.196140251161951440e+01,4.319155430458397227e+00,9.306215995583777101e+00
3.084314170151045076e+01,1.973640054995452253e+00,8.079877053512124263e+00,3.110102629642115346e+01,4.228392815782462399e+00,7.313234990713071149e+00
2.806228201481956575e+01,1.069857224958207453e+00,6.396750814399654317e+00,3.368767505108024096e+01,3.722670266817646567e+00,8.443058738606511682e+00
2.677313124124438559e+01,5.333113471513607484e-01,7.756682110028422450e+00,3.449179669381898350e+01,4.048845657823039623e+00,1.173858906732899143e+01
3.162589361231610496e+01,3.581325952205189012e+00,6.234309361775324909e+00,2.821386699826487643e+01,6.379808894992406998e+00,8.654437012773533056e+00
2.963832438989621565e+01,6.169219179502318795e+00,8.362941412104976990e+00,3.027742572062583903e+01,5.132165882336374274e+00,9.064947630980585203e+00
3.169554378405385364e+01,3.299911012604637151e-01,5.570214061193048849e+00,3.009065735458595370e+01,3.263362513835082357e+00,8.565732010701880839e+00
3.195035611883784910e+01,2.502623899837358667e+00,8.341726383523750954e+00,3.161482572109192901e+01,3.142176356099632528e+00,7.252442412867596389e+00
2.988332220926230320e+01,1.289483436759703894e+00,6.594317182559565893e+00,3.083385477854622181e+01,2.604655489741503960e+00,7.533033937163316374e+00
3.202075685353784706e+01,2.336024530688862288e+00,8.606613969732512359e+00,3.129507286701985080e+01,4.428504327378282923e+00,7.316922162439354338e+00
3.159962139986663843e+01,4.681040065128430072e+00,5.255215730085503800e+00,3.405136541785073945e+01,1.765887617066989712e+00,6.228908542486938593e+00
3.567162717123041205e+01,2.322136794626370460e+00,9.002520906216016527e+00,3.429880911674739963e+01,2.628626258911700653e+00,1.293255314896498120e+01
3.283343176183367973e+01,2.583237273451105764e+00,5.139436288131181918e+00,3.377006388850615792e+01,2.738501979797428376e+00,6.572554547173552919e+00
3.256566115769182090e+01,4.059979042276028238e+00,8.918874682356944916e+00,3.311898395322462818e+01,5.644308813023762639e+00,9.203294255360246368e+00
3.572284520516173245e+01,7.271305863610375120e+00,9.740279312117976929e+00,3.120497276779947882e+01,4.203852107402624050e+00,7.617392744586759967e+00
3.032338042588759208e+01,1.955279663455389505e+00,8.409447007491730020e+00,3.053755248909989817e+01,6.179436731758350732e+00,7.731913283100641188e+00
3.139910830165883482e+01,5.443290822180068211e+00,7.971127056432464997e+00,3.187837955414745394e+01,3.043669710666145001e+00,6.661500638946376895e+00
3.154788476419174614e+01,4.319334579496116433e+00,8.316539938374894803e+00,3.302718702091411274e+01,5.053107056148528287e+00,6.592095039029420178e+00
3.299565285364989364e+01,2.350142816363959497e+00,6.346403656696533169e+00,3.286774470384038693e+01,1.884970421944413888e+00,6.299056678925623487e+00
3.183017979747031490e+01,1.727044743224605217e+00,8.256742845088817617e+00,3.298851303763647280e+01,6.312658689344285534e+00,6.441781945946678078e+00
3.460135330462318848e+01,4.336778126616638751e+00,5.579991549012482288e+00,3.393268465480286267e+01,2.451987726606986051e+00,2.886420611412058967e+00
3.187585976543298116e+01,2.120234845911724619e+00,9.022447560084742690e+00,3.322645536736172289e+01,2.166818542528223812e+00,7.779990398190570033e+00
3.290584493713925696e+01,6.893049380660516867e+00,1.104559012546758012e+01,3.275034213166320995e+01,6.492394671298137077e+00,7.209330566703544108e+00
3.035165161349311447e+01,5.624301212896490654e+00,7.764940055777016070e+00,3.178211174160745500e+01,3.904981621339887354e+00,7.871197985535835606e+00
3.460704338235166233e+01,2.176768538952522647e+00,8.543956077667751003e+00,3.211017925433954190e+01,1.330298876975002154e+00,9.625082519842292683e+00
3.413556923967398404e+01,4.141743456016440561e+00,1.261082890949593249e+01,3.420789094851031820e+01,4.283193904623860071e+00,1.134042896403269296e+01
3.488749640716100942e+01,4.748456559340382022e+00,6.051881237755609710e+00,3.439897129734061565e+01,2.272156739543477855e+00,7.469456888626633706e+00
3.546268036317851369e+01,4.044433135043344230e+00,1.101615537245203669e+01,3.497748107692806485e+01,-4.270451173827522484e-01,6.859056145764496293e+00
3.410349453124944574e+01,4.094930905240134145e+00,1.048591859601086895e+01,3.312756118824086116e+01,3.524986799382145986e+00,1.063840983373836480e+01
3.260040130927362867e+01,3.790114575840173305e+00,9.815561851939376581e+00,3.413376722453172363e+01,5.145747223961775418e+00,8.467553973888318097e+00
3.415799717788454615e+01,4.522735143843068073e+00,9.171087571262340532e+00,3.684677807631285873e+01,3.161171836340416430e+00,8.668382951624465704e+00
3.479269920978997988e+01,5.836683362169377887e+00,1.115029322725783878e+01,3.220288332360282624e+01,4.498010056316550376e+00,1.432149188988864807e+01
3.362675881403971090e+01,7.801561997993850639e+00,1.038000908736805528e+01,3.468754533838408349e+01,6.418369561557735636e+00,8.285508692942203268e+00
3.517001731330636716e+01,5.517570634906633131e+00,1.043702908329410661e+01,3.527350575310656211e+01,4.843181224880133584e+00,6.594431089400385027e+00
3.521175030326049438e+01,3.574066065982302476e+00,1.332485990860150693e+01,3.681405837723685437e+01,3.737911467808270771e+00,1.376462918849469119e+01
3.435398332097120999e+01,7.058868406441025201e+00,7.055471734525156968e+00,3.253202438278378850e+01,5.589306367702860712e+00,7.151841112405614709e+00
3.684267300588480509e+01,5.734929159500622653e+00,1.132985672885622641e+01,3.747461288706893612e+01,4.219199904745317475e+00,9.288767901020985818e+00
3.271783610183423718e+01,6.667867392147322825e+00,8.820921801599851619e+00,3.388685403231225735e+01,3.080046148263209549e+00,6.884923768363083063e+00
3.619130909985980793e+01,4.191918659423533811e+00,1.026775628535229679e+01,3.623331311564634660e+01,1.490305555625162981e+00,9.321826190105790388e+00
3.660658612292572656e+01,8.536302312318678531e+00,1.631812862523885244e+01,3.303657692631692555e+01,5.345446268206166529e+00,1.190655985993820565e+01
3.411415791976557443e+01,6.972205852508418289e+00,1.131893682493532083e+01,3.464790429541530870e+01,6.779319640134612968e+00,1.132093824384371850e+01
3.554861912507345068e+01,8.916300416421018227e+00,1.094169476218456616e+01,3.295824133451036886e+01,5.234651461459693955e+00,8.692118860710630557e+00
3.481792216762637082e+01,1.096430868670867831e+01,1.405191271193325342e+01,3.453688779173999990e+01,8.385804860336548927e+00,9.679896631656506045e+00
3.498931265756863240e+01,5.154521191799156021e+00,1.209454118893553343e+01,3.258865470501650208e+01,4.546028872713263169e+00,7.240334638215572660e+00
3.219507706826667004e+01,1.069311191825647711e+01,1.106768655717927885e+01,3.218631697089145405e+01,6.159011976243661479e+00,1.361070271551406385e+01
3.414038021587243321e+01,6.273695517082727768e+00,1.626423726826674709e+01,3.143358278622578794e+01,6.727779821649516379e+00,9.194718857042595062e+00
3.425814046204261842e+01,8.874815014971632721e+00,1.260715194361169011e+01,3.227259008677923191e+01,5.615949916002035636e+00,9.758242609229641928e+00
3.438660484076559243e+01,6.455214304219159871e+00,1.060245929728703551e+01,3.242983783418776511e+01,5.721206616555971181e+00,1.001193119745673776e+01
3.353962572343693438e+01,5.657046807686603174e+00,1.036903654030696309e+01,3.164615130472563465e+01,4.359471310520452114e+00,9.174465523042018233e+00
3.421129781303837802e+01,1.111063696018142899e+01,1.697517555945594481e+01,3.113625229215986323e+01,9.532515946475555779e+00,7.412248582181601542e+00
3.681848213774578227e+01,5.996306949397647301e+00,1.357986183978688288e+01,3.072261668099977783e+01,1.407549034856363068e+00,7.215899246622281993e+00
3.581549099509928169e+01,5.739866899794512811e+00,1.503602263400603611e+01,3.593408626081320989e+01,6.778645899553940701e+00,9.206747425526405237e+00
3.660090550769684370e+01,1.249758360896588627e+01,1.422687896870416324e+01,3.553652907270126349e+01,9.354034654664157955e+00,6.895372515406159586e+00
3.904899297593424734e+01,9.143746500253442377e+00,1.278253028121419455e+01,3.477139876270761221e+01,2.614374504839033886e+00,1.186070531789774485e+01
3.362696035368107061e+01,9.428696726592763255e+00,1.048079575124415008e+01,3.363974917778811147e+01,6.559922540527174384e+00,8.385562842213483137e+00
3.675957452942638781e+01,9.380618054561484342e+00,1.232619394475796604e+01,3.084776643584224587e+01,1.031414534014976425e+01,8.728575860301489797e+00
3.688560460263919794e+01,7.582052849660462002e+00,1.246478982101093003e+01,3.424765314665812355e+01,5.782731778202141903e+00,8.882495992023114795e+00
3.591581256005271428e+01,7.485672951514460216e+00,1.576538759077958751e+01,3.226790078639832160e+01,5.470698232185147170e+00,8.051081989975436670e+00
3.575626757653146370e+01,6.539922204157349483e+00,1.007149209584177108e+01,3.365295020205886800e+01,3.274324219107133782e+00,8.094467352453143860e+00
3.357093750662808418e+01,9.407892498133177739e+00,1.390514733984312734e+01,3.180380477868025935e+01,5.947022314770276097e+00,6.902877595211365680e+00
3.338607864267040526e+01,1.184239180173484840e+01,1.368988919993089937e+01,3.344344348364571573e+01,4.754781899777273502e+00,4.855853509077836527e+00
3.420714251822043650e+01,8.742997946168545198e+00,1.563889469661470955e+01,3.440206995568526338e+01,4.860069113796849471e+00,5.341748235584742766e+00
3.597552949933922406e+01,9.452806483898257284e+00,9.954318354799175594e+00,3.378511396913133069e+01,6.185089885063496773e+00,5.292812767929101270e+00
3.992447685965880311e+01,1.237298781510385659e+01,1.220368524828701418e+01,3.210580181421583035e+01,5.596714413064050930e+00,8.633544993499860709e+00
3.774791691787512349e+01,8.123369641237326633e+00,1.279778731740212727e+01,3.524603109673557100e+01,6.288519746675303779e+00,4.742404200952999638e+00
3.546925262216045383e+01,8.109684588905480496e+00,1.093680401924411782e+01,3.417556407758490877e+01,5.139868678882256070e+00,3.255687075417058818e+00
3.462373847022710294e+01,1.107419359408522652e+01,1.149622763612513587e+01,3.689767402048010325e+01,6.623760240774053010e+00,5.918519445624335518e+00
3.339189822179495337e+01,6.698553574957095691e+00,1.027453586100536498e+01,3.524883306353976309e+01,-8.955961160953329614e-02,4.624892032868508807e+00
3.336407573998988596e+01,1.189778978192606473e+01,1.226650841059540120e+01,2.872247461157317616e+01,3.788311869617237537e+00,6.226684903275638838e+00
3.641641579625490976e+01,8.135069117351616086e+00,7.419194593824392392e+00,3.038900649127140241e+01,6.736858491852708575e+00,2.778660147453805962e+00
3.320522785527597165e+01,1.147751278663772290e+01,8.749696065934092104e+00,3.426919481519109212e+01,6.435443458730141231e+00,-2.209364644172084446e+00
3.602558244431687484e+01,1.341167460400735933e+01,8.525518127593025852e+00,3.089159762670565712e+01,7.570817937289555211e+00,2.225740899325354683e+00
3.347568094356072521e+01,1.166940758085308971e+01,9.770885388635216273e+00,3.224996103114952462e+01,6.187737574887061776e+00,8.915652915736840267e-01
3.308628910904196374e+01,1.302966217011140948e+01,5.356690088982319686e+00,2.969940346475888049e+01,4.232880591743329646e+00,1.074310065584628271e+00
3.745912340973759314e+01,1.207357824949319358e+01,9.527614673924798439e+00,3.178710271887474192e+01,5.015763424273564475e+00,2.642010410942897458e+00
3.764951834589018631e+01,1.131917470964490846e+01,1.125300901268449039e+01,3.044562264587153066e+01,6.954552575565491779e+00,6.468302097760085800e-01
3.448114596434972867e+01,1.224006231986289173e+01,1.078410451390952751e+01,3.531932974552017868e+01,6.895467949289948884e+00,2.986845713300538829e+00
3.690159707341550188e+01,1.097273009060641513e+01,6.759384532968351955e+00,2.835273357141283057e+01,6.506272795489082661e+00,2.745242384575654615e-01
3.751356471405529192e+01,1.589881040077351315e+01,9.448610852066456900e+00,3.573176996464397348e+01,7.391638742564130560e+00,3.343076239890211632e+00
3.736555056806839303e+01,1.063264261124006538e+01,8.648857866109295855e+00,3.107159021754151951e+01,6.156202655661640932e+00,6.748607276431183521e+00
3.851072458075698535e+01,1.461031525802397191e+01,4.849626147309130886e+00,3.482646654186337543e+01,4.060449210789069951e+00,1.311678992338447092e+00
3.641112461675835732e+01,1.191771712575057229e+01,7.666884404968838496e+00,3.064151616615811236e+01,7.287531218531887234e+00,2.256704713850806066e+00
3.965892904940036345e+01,1.596660884614619391e+01,7.996465131659616254e+00,3.026884415146718155e+01,5.093855208852744454e+00,-6.422985425611540955e-02
3.592672586067988760e+01,1.257496448278756240e+01,5.062092537651571966e+00,3.742146500955659150e+01,4.045361093254928875e+00,4.183341793265510589e+00
3.330022717466741256e+01,9.893959636701094240e+00,7.008191856830086053e+00,3.085270023989134458e+01,4.852991784094911942e+00,2.192589727529217214e+00
3.718635652936102076e+01,1.073708940548035606e+01,8.814183383907270297e+00,3.294157786552973732e+01,3.611067963764887256e+00,2.753251228223805747e+00
4.114989757699469664e+01,1.205036611113414047e+01,9.984062451085648604e+00,3.188923617974124980e+01,3.752349966979775964e+00,2.313913391651734930e+00
3.881660994347968341e+01,1.237621356770786107e+01,8.693851072693009385e+00,2.837206997959108179e+01,3.286465971850765388e+00,3.364499442454085720e+00
3.464739584821593610e+01,1.266551439455169437e+01,5.790755167323094810e+00,2.783043052140511264e+01,5.047911070416629897e+00,-1.047732556877817300e+00
3.564549995414467531e+01,1.277040117342930436e+01,9.273590914344486791e+00,2.854906616393556007e+01,7.490334539449292173e+00,4.479019420603883028e-01
3.544312895800533170e+01,1.486100322134677043e+01,9.716424465392369925e+00,2.698002831514074629e+01,3.168336136849666751e+00,-5.423824530840748448e-01
3.830150218333493228e+01,1.373477939383420399e+01,7.749989255580238101e+00,2.970138734980031003e+01,5.429315561543028856e+00,-1.198201493853617183e+00
3.635273129840116724e+01,1.959655873979892604e+01,7.247227495581201495e+00,2.740154188089220355e+01,7.045563111787934929e+00,2.774137143810075923e-01
3.919737495624477219e+01,1.497625480104154860e+01,7.548645757430423764e+00,2.672518075567989726e+01,8.230111529029489503e+00,1.844805270778774542e+00
3.968576312620142943e+01,1.483910167510530798e+01,7.664710541899768970e+00,3.069590675588262840e+01,5.214053923719583317e+00,-2.265842955646423462e+00
3.846143558514366845e+01,1.557532437171455975e+01,7.378912243720598951e+00,2.783183380601150247e+01,8.761087357020743482e+00,1.097365442393996915e+00
3.602493275478994406e+01,1.450902800464884201e+01,9.605892486566835586e+00,2.584053339207562061e+01,7.409090143062737610e+00,2.983416156890640547e+00
3.468546518800296496e+01,1.393863526512016726e+01,4.525669537898729722e+00,2.889815810038858857e+01,4.741553356194542879e+00,1.652109376620222836e+00
3.983789284513275675e+01,1.595479794968046505e+01,7.349571082884994055e+00,2.809021586799804027e+01,8.641958399878404862e+00,7.964965141807200943e-01
3.793781974090099851e+01,1.403445396320697647e+01,4.556205867312136171e+00,3.403953152318919706e+01,3.519237983607012676e+00,-3.580595780622332636e-01
3.585031240965344068e+01,1.902463861299801096e+01,7.688179051415598764e+00,2.999609884260049952e+01,6.843838353656060747e+00,3.173135459119482693e+00
3.685204913603246268e+01,1.864329971676244213e+01,9.126023414721530003e+00,3.521402631213652512e+01,9.197131607327738934e+00,2.496834485014328031e+00
3.739121245772837199e+01,1.659432577426460043e+01,6.171427419489679878e+00,3.235676164965313006e+01,6.143610268390667706e+00,3.428160494754424192e+00
3.868893927380051423e+01,1.386596488816497441e+01,7.827414893314178279e+00,3.355713355377255169e+01,1.161821766553073054e+01,2.257852930434248506e+00
3.353823367428246627e+01,1.490168831617012302e+01,6.372292311158855860e+00,3.224325609107182089e+01,1.048873031602864536e+01,8.546917840900524865e+00
3.514114319563273625e+01,1.533778629928600168e+01,3.841958172986508657e+00,3.300599469540007647e+01,6.638101876332857643e+00,3.276674929039362638e+00
3.386100475679143074e+01,1.350233413845570496e+01,6.116640920106982904e+00,2.982361535144005771e+01,7.067892544419724032e+00,4.291318628913328936e+00
3.571292659885344989e+01,1.589587130569893603e+01,7.336301403800750798e+00,3.210742764822310846e+01,8.718075740089016534e+00,5.033689668242926629e+00
3.782645388920428786e+01,9.591964760760312458e+00,7.995939301033693880e+00,3.649662756522380391e+01,7.629669649364885231e+00,4.175592389212966715e+00
3.799802847749278101e+01,1.777185182670475072e+01,7.031499645341933835e+00,3.006206771680959733e+01,5.857289943044720282e+00,1.008097355207011159e+00
3.574375483399811770e+01,1.711553266247401339e+01,7.167967593595048648e+00,3.148581908932493789e+01,7.731268688965268865e+00,3.712092436741750046e+00
3.861684843669691958e+01,1.766224526834123765e+01,6.965840967173567044e+00,3.495801515256064107e+01,5.169049220406441769e+00,4.022594743856965138e+00
3.861286822464293067e+01,1.699168811156740944e+01,7.316148237558748768e+00,3.172099780133945046e+01,5.781339828691618443e+00,4.407039106232464754e+00
3.477526047692189337e+01,1.909356460188840288e+01,8.094279476108344085e+00,3.277633427962067003e+01,7.603932802861999463e+00,4.023250055318547957e+00
3.580902188516324713e+01,1.418694655029221252e+01,9.351427396859932628e+00,2.470444732335797511e+01,8.875426925694815949e+00,3.772344344767159185e+00
3.850901449908278096e+01,1.485877883569492042e+01,5.946937649722117136e+00,3.150870187260531452e+01,6.330763784626784130e+00,3.324499549268185028e+00
4.120774958886629946e+01,1.384386858819556387e+01,5.595128083621897730e+00,3.199178453957967250e+01,7.712732489891619636e+00,5.601165890042599571e+00
3.665524558499325991e+01,1.218970654747676186e+01,4.735489078154716758e+00,3.028891257678327875e+01,8.726677304073085395e+00,2.444395489923063991e+00
3.672549790180894291e+01,1.593877259290571757e+01,6.267669197852864471e+00,2.795409919590064973e+01,9.798725408372904511e+00,4.388331366192066874e+00
3.352321120455070513e+01,1.245620473395960204e+01,8.149265963096638643e+00,3.194316484988848615e+01,6.665097075083039613e+00,3.565253824963907636e+00
3.808553854230733293e+01,1.680367181043197533e+01,4.226500580495616610e+00,3.334973000649881669e+01,5.730024257087510620e+00,4.316067031842787394e+00
3.529456291832935477e+01,1.418696188883061815e+01,6.046409456089897105e+00,3.468468611169598148e+01,9.693904433775589524e+00,4.191457893119726386e+00
3.478131679520942043e+01,1.293217552976675222e+01,6.219235960876102531e+00,3.467114479366978230e+01,7.532010685045564813e+00,5.085988889794220036e+00
3.602986409423232317e+01,1.352716591614545116e+01,9.831307059437786933e+00,2.940431331953989513e+01,6.081321431081624596e+00,6.817187404873522816e+00
3.535039319349527176e+01,1.495560687410108791e+01,4.838567696115502415e+00,3.284774512142408298e+01,6.195522142992857972e+00,8.369508493245804814e+00
3.653835571186700548e+01,1.353495420150395745e+01,6.953580093742539603e+00,3.158184929672684760e+01,6.207321190447853354e+00,6.875123270174317902e+00
3.688071590311041348e+01,1.346128246381680249e+01,2.359205225329779054e+00,3.615783260604823113e+01,5.534587781707070775e+00,7.783744998619918753e+00
3.358892887863769516e+01,1.256845530183010418e+01,4.399582147242060870e+00,3.284430216938093849e+01,5.345773746537906490e+00,7.048183113303343461e+00
3.211250012356959616e+01,1.605830517670463564e+01,4.071789086156808679e+00,3.259542901179811025e+01,7.987509068337230289e+00,9.782260288826698513e+00
3.139025095646525898e+01,1.206770730679073722e+01,7.277084835324620471e+00,3.352079625524447692e+01,1.947007035745909498e+00,6.261056368209260370e+00
3.658917842010386323e+01,1.097656325665801091e+01,4.945325636391485702e+00,2.976836307095577894e+01,1.126818428548337181e+01,8.669574459488455176e+00
3.275739301734054720e+01,1.206122654466542876e+01,3.447162842580159925e+00,3.172182627877286265e+01,7.702117635187570421e+00,7.112934971475451285e+00
3.351073444042298632e+01,1.647930469222159999e+01,7.979607530412060612e+00,3.072846101160424226e+01,4.336876160253659407e+00,7.890998326910199978e+00
3.363318096335859053e+01,1.194939731856765874e+01,9.700339753677504007e+00,3.149963297248055127e+01,8.788605815774714003e+00,7.538081547430945939e+00
3.281189667535061005e+01,1.183707028291271968e+01,6.178589629234020109e+00,3.210965850983065195e+01,8.286405215878614783e+00,9.017071243457158047e+00
3.242544777659345101e+01,1.275431886992313224e+01,4.799794208426260589e+00,2.648501045441491897e+01,8.728130265612657368e+00,7.520552728392834396e+00
3.583674551521266949e+01,8.373345225385124380e+00,3.749816295557784951e+00,3.079221430316344765e+01,9.834688450880769039e+00,1.128777326322079411e+01
3.254606266747673260e+01,1.138231680574927829e+01,6.581398987131617417e+00,2.708614623465232896e+01,8.963400577334414976e+00,9.682792932571592459e+00
3.590831713538975123e+01,1.549100290473181119e+01,4.140253890432423312e+00,3.162866362828427214e+01,8.762622144088181741e+00,1.201264097468368242e+01
3.538230464476829695e+01,9.009078571561945026e+00,1.626360941948168159e+00,2.969141039725608877e+01,9.574769509975052273e+00,1.121709380848519366e+01
3.132197831558575274e+01,1.437301166390154528e+01,3.645326181883032479e+00,3.377289707310634270e+01,1.119511751094555585e+01,9.503258122304087507e+00
3.116601968010708390e+01,9.807101885498232363e+00,4.664484454178522199e+00,2.987940868817207019e+01,1.026321519753536826e+01,6.940994081107940694e+00
3.002794451878940407e+01,1.350801044258654038e+01,8.917682971995860797e+00,3.184996965682427827e+01,1.380117699002958176e+01,1.304442071138198145e+01
3.093840384477121219e+01,1.533652802012145600e+01,8.463500077609594996e+00,3.172386452116654354e+01,1.259027996862439736e+01,9.897806630962053376e+00
3.612886554416798646e+01,1.740771993622800196e+01,5.366422047020989794e+00,3.061453336795036861e+01,1.228215722318113023e+01,1.353172209876322185e+01
3.347627620781059221e+01,1.517511228941778434e+01,7.423191752389673326e+00,3.438422447760206069e+01,1.294756535308141210e+01,1.068606399765863735e+01
3.147153503641786898e+01,1.570961567667123759e+01,6.023952948890539005e+00,2.994644420284771869e+01,1.318495993765980145e+01,9.141252670832622940e+00
3.229824365666432584e+01,1.799302334030462092e+01,5.180507781780678833e+00,2.780970492832675234e+01,1.048398455776206717e+01,8.495765140681591276e+00
3.742241464517393723e+01,1.457529544974443070e+01,6.275432484850892223e+00,3.450012163379206243e+01,1.220718950771942879e+01,1.095298712349401882e+01
3.503090041754464323e+01,1.211712141508468932e+01,6.972564680613169585e+00,3.562123837690792527e+01,1.178101708969641592e+01,1.292475870429594131e+01
3.536299499859240569e+01,1.269654851926467032e+01,8.277071853083949549e+00,2.943783978470426277e+01,1.158250382813347912e+01,8.371797963023078992e+00
3.330562155961572302e+01,1.178196860310983851e+01,4.054695127110032438e+00,3.251745614015221264e+01,1.293723275926559424e+01,1.134082347912264943e+01
3.207304124518754662e+01,1.463648529385941544e+01,7.803343899007995077e+00,3.486352091355824712e+01,1.073703242937323488e+01,1.426292473673951022e+01
3.288198586205474783e+01,1.504252356280918157e+01,5.081530463177744927e+00,3.106469081994007198e+01,1.236718053877378942e+01,1.163120044147228249e+01
3.513724742679295332e+01,1.569715551620466520e+01,1.037019141655352428e+01,3.381616838537090075e+01,1.130175404459324007e+01,1.352607299401841168e+01
3.009902388896104952e+01,1.818082379762962475e+01,3.906058536661721536e+00,3.322102995007457338e+01,1.386438351243875466e+01,1.067273875195318134e+01
3.063820489101757971e+01,1.640520661524673685e+01,9.101105522668392567e+00,3.219631932694157683e+01,1.446208815019025984e+01,9.778828001399734404e+00
3.080159361645203830e+01,1.796817621989021418e+01,7.425651761067726397e+00,3.249594835914767543e+01,1.344421851389984468e+01,8.992331743344188055e+00
3.655546168758132808e+01,1.442866102697976061e+01,6.059615384170663255e+00,3.315528968042018931e+01,1.435865826962766967e+01,9.853719271732629181e+00
3.172980437999942893e+01,1.423495098904871980e+01,6.171805620374808399e+00,3.185845724086770758e+01,1.248819080888090127e+01,1.122030696010233264e+01
3.297622194940307594e+01,1.685325764390113079e+01,8.529013126707996051e+00,2.557151131231756480e+01,1.174865837572134097e+01,1.384306729192485008e+01
3.035465713174250624e+01,1.448968248123135361e+01,6.467317433154429196e+00,3.334195223246394590e+01,1.519197324435336682e+01,1.094295850628386191e+01
3.150279204975120351e+01,1.351269669901443038e+01,8.401397710957409615e+00,3.316675337750749009e+01,1.382371920093499895e+01,8.666713942019637074e+00
2.910759746544407633e+01,1.537635372094766772e+01,5.273616544924626837e+00,3.066585584149741806e+01,1.547500496699248451e+01,1.141057042685101131e+01
3.035005409601608406e+01,1.569337254831624939e+01,1.258902388762794722e+01,3.017624494869799179e+01,1.694780220769206380e+01,1.382113170563389382e+01
3.192470100165866498e+01,1.698044510431191156e+01,5.446105151807858924e+00,3.199893066788974139e+01,1.547526617336071197e+01,7.981564051727681353e+00
3.443206961751686634e+01,1.611968157420616166e+01,7.839637549635794400e+00,2.987461597656287537e+01,1.646763839188133360e+01,1.008451280998779076e+01
3.038578903219929828e+01,1.955958347458583546e+01,6.877005450779016371e+00,3.244472812171346732e+01,1.754165347375744588e+01,9.159025689764140665e+00
3.213374705156095246e+01,1.378398726538969044e+01,5.355396204178417108e+00,3.183354643216440749e+01,1.769107989581891971e+01,7.795278643049245559e+00
3.268422776024737431e+01,1.586931163409897749e+01,3.290829609899905694e+00,3.363717359047418398e+01,1.736898688403815783e+01,5.044287595670242652e+00
3.449778938147493079e+01,1.222723150631878752e+01,4.070469000771145929e+00,3.442563960023147018e+01,1.576288787431630922e+01,6.138905332282504901e+00
3.072714990907082466e+01,1.284073145263741189e+01,2.715237409162450266e+00,3.446944061603961984e+01,1.663111925233306465e+01,7.640450555117377363e+00
3.451711294357703963e+01,1.311061776523685829e+01,3.480075428315856811e+00,3.266478967911501030e+01,1.426510195261630720e+01,7.073516170726029451e+00
3.171681397995413931e+01,1.410453756851297236e+01,9.604767788207189128e+00,3.041573769964459117e+01,1.588398117550721267e+01,8.473710444041923751e+00
3.355241703148057297e+01,1.627233331935501681e+01,1.010226644959005071e+01,3.159998923570825369e+01,1.814810925157845745e+01,7.871956839875945633e+00
3.684306865472694170e+01,1.603986295953721708e+01,9.899426658233581477e+00,3.475541952575304805e+01,1.549338609047348747e+01,1.020072756197127184e+01
3.255928574855588664e+01,1.236339759545897721e+01,1.010916889003317465e+01,3.361979767585935974e+01,1.487454292965851366e+01,7.850982096104321961e+00
3.211716233922667385e+01,1.403288048181899761e+01,1.202485263484606470e+01,3.028105347424619609e+01,1.641219973093737039e+01,9.354219196781381029e+00
3.383951359367685541e+01,1.393387024717421419e+01,1.268630370011399400e+01,2.950055988561640063e+01,1.271380388072762813e+01,1.364381896361695112e+01
3.728941580065623640e+01,1.293871272276823348e+01,5.145531830196341971e+00,3.233212605463778289e+01,1.775171606308269645e+01,9.729054791216972475e+00
2.615582979911325978e+01,1.339961823549861819e+01,1.003812337222560913e+01,2.955936791019569299e+01,1.789321135976269517e+01,8.808710683060438029e+00
3.353577181717875533e+01,1.497587170681159208e+01,7.050035250653155394e+00,3.129451383055531721e+01,1.546594370758723080e+01,7.144233554341878012e+00
3.460396974085623611e+01,1.653709665629156333e+01,6.534591566540837171e+00,3.046381126187934285e+01,1.558407094961138739e+01,1.226211952128982574e+01
3.483850329245806421e+01,1.416219609821484227e+01,9.788746264014145382e+00,3.726076319015037797e+01,1.352033201978600907e+01,5.754351544785558659e+00
3.327837799467396707e+01,1.356700612640534231e+01,7.455844359946487643e+00,3.509506327963371319e+01,1.212542297237816413e+01,5.582538012033706032e+00
3.204028880813218905e+01,2.100274539719421796e+01,5.478732945687652567e+00,3.653537561607887341e+01,1.814320498889486544e+01,1.080740323126535429e+01
3.265716183770575043e+01,1.539932863437929988e+01,9.242285523914953060e+00,3.397030626670905207e+01,1.782292250318073101e+01,1.032892924238330856e+01
3.239943377427902504e+01,1.630340178666624240e+01,4.420023515098456812e+00,3.346958771309241598e+01,1.572239687362514005e+01,8.556236504255736008e+00
3.192620261813510041e+01,1.269594946934485868e+01,6.052877276953578800e+00,3.122424844318064885e+01,1.055241279281760214e+01,7.805361924901351500e+00
3.210092385021016526e+01,1.579203114753198456e+01,7.237570195980826071e+00,3.041680831799439844e+01,1.360141979731155004e+01,6.052205266973892606e+00
3.427061186167507145e+01,1.695904292893065701e+01,8.611020417260847992e+00,3.373440786144093551e+01,1.546218313094127161e+01,8.856459926061951649e+00
3.122334560410142856e+01,1.258633871776695123e+01,1.108604388877577840e+01,3.236238042025476602e+01,1.278794842642969698e+01,7.595585594273023489e+00
3.209922538965874139e+01,1.602703056665899339e+01,4.116353395220157196e+00,3.545913340805178393e+01,1.604105958422057654e+01,4.295660335138447472e+00
2.845108302932801081e+01,1.391782858564151049e+01,3.446080241751662054e+00,3.070105367948778508e+01,1.907013336500406098e+01,3.784337443953661229e+00
3.236010800687267874e+01,1.692776498632171922e+01,4.546100505606417208e+00,3.221729344199967926e+01,1.894699655576473063e+01,3.988043281041799837e+00
3.143641010381075418e+01,1.815227230813161796e+01,7.998960611882775851e+00,3.135180222381232440e+01,1.595402431966676993e+01,6.852835976151892439e+00
2.822362270076176571e+01,1.735136648974327755e+01,7.496878548567168288e+00,2.675048853834925566e+01,1.639291840651030796e+01,5.212259635748493380e+00
3.038636808600914563e+01,1.746929761457462504e+01,4.645376097880746791e+00,2.823610282533894633e+01,1.561011574605042540e+01,5.371241373781949768e+00
3.372868855095886431e+01,1.937152831488054971e+01,5.071876356879917225e+00,3.103666588052251996e+01,1.687637037595608902e+01,4.712111690449557244e+00
2.988092527694972844e+01,1.502236420949540019e+01,7.358665198205345703e+00,3.207770655714645613e+01,1.690177143163461082e+01,9.444894089836395779e+00
2.986894464464190690e+01,1.546665524457882235e+01,7.323500407587466121e+00,2.767032145146492894e+01,1.649001099201580089e+01,6.053730208240976296e+00
3.226868682254575305e+01,1.577824920245764950e+01,6.686537655012052994e+00,3.066583709088258658e+01,1.477404460087101690e+01,7.447473356514406007e+00
3.355704497893785998e+01,1.355207563481164179e+01,6.634963100111137990e+00,3.069597583546827124e+01,2.147870438674594595e+01,9.984813295112779485e+00
2.912911869037432666e+01,1.584029292996927119e+01,7.969458527366571232e+00,2.961794427135550478e+01,1.730819815108155879e+01,6.570155272824721671e+00
2.968964484970171469e+01,1.651739262997017477e+01,7.097407438372629329e+00,3.150161236930774322e+01,1.667915429874597066e+01,7.912201463875875085e+00
2.938983542313637187e+01,1.976606829592589420e+01,5.572880381038520348e+00,3.169410577132659057e+01,1.955436386945184424e+01,7.825970531142147912e+00
3.290104485018785851e+01,1.739935687145269938e+01,3.739496379150542005e+00,3.135722678981054301e+01,1.529575248848939140e+01,6.972981138066119300e+00
2.900056189905662052e+01,1.954019952894557832e+01,8.993949954916494960e+00,2.958987862968705684e+01,1.551677767727465174e+01,8.770269398495546653e+00
3.183594623756847852e+01,1.548733492286085500e+01,1.015497096595375126e+01,3.123641374735812093e+01,1.648136420407368163e+01,8.514525184301271921e+00
3.065214208052925215e+01,1.864881441772498150e+01,8.363365578275441692e+00,2.921974636644749523e+01,1.815544088160856617e+01,8.325400671786781004e+00
3.206317226590922331e+01,2.147777066998332529e+01,7.684207989892512636e+00,3.229314586518823660e+01,1.874284593305856816e+01,5.560774770975711156e+00
3.214169299316279194e+01,1.785564697929984490e+01,7.785864213157560165e+00,3.187816702548991188e+01,1.640192186846728362e+01,9.582427149606431271e+00
3.062447194474727752e+01,1.645900463669905633e+01,4.837797153319601584e+00,3.076095651408073550e+01,1.769369441844496293e+01,6.586553059150013212e+00
2.973724404039108293e+01,1.690160201656906125e+01,6.249421413060256114e+00,3.154638821090411582e+01,1.756302582813406943e+01,9.952250235505630371e+00
2.694416782388979570e+01,1.946921166522085045e+01,5.709406714227348800e+00,3.186873985847510227e+01,2.050462545626069044e+01,7.122995937207376116e+00
2.937593786079020930e+01,1.940759900162837326e+01,7.349876928269940990e+00,2.914608680292011655e+01,1.523073799957957419e+01,6.513900803126612793e+00
2.817991308753708779e+01,2.010955662538090039e+01,4.771035075804991088e+00,2.990825001304837727e+01,1.730543826420795384e+01,5.517529757485514885e+00
3.085056543148703412e+01,1.663921068355920951e+01,6.060606833182130337e+00,3.002986679953328419e+01,1.734310745881685989e+01,7.073406199740628786e+00
2.501851139272417868e+01,1.766181703512924273e+01,8.557258916881432143e+00,2.983055742371475461e+01,1.683019826814317454e+01,5.953232840419596883e+00
2.883037831741699364e+01,2.040418540611561937e+01,7.601499501385275970e+00,2.909939945621862378e+01,1.985712564990571849e+01,8.163586895922358977e+00
3.273377427637887394e+01,1.729256294443666775e+01,9.331749536009100510e+00,3.031492554046662846e+01,1.558851471072021333e+01,6.486001371155036388e+00
2.947898416487925743e+01,1.937866226935894431e+01,5.620939574396809135e+00,3.053560648465058236e+01,2.054731559493422566e+01,7.862758045826098829e+00
2.979406056239301392e+01,1.183726359243124548e+01,7.036424940919662419e+00,3.103361992065563513e+01,1.539038303280951681e+01,8.079376432431462973e+00
3.181553439941932737e+01,1.754224705906390369e+01,6.710696566962017329e+00,3.407297108748258552e+01,1.830858431547725473e+01,7.286585065363976099e+00
3.067812337699709246e+01,1.898625882790080510e+01,7.906626744257828854e+00,3.450077459098765331e+01,1.986029760050235282e+01,8.330525963883193441e+00
